SCORES_TXT_BEGIN_0 0 99 9 BLEU
4 9 0 8 0 7 0 6 8 
4 9 0 8 0 7 0 6 8 
3 9 0 8 0 7 0 6 8 
3 9 0 8 0 7 0 6 8 
3 9 0 8 0 7 0 6 8 
4 9 0 8 0 7 0 6 8 
4 9 0 8 0 7 0 6 8 
3 9 0 8 0 7 0 6 8 
4 9 0 8 0 7 0 6 8 
3 9 0 8 0 7 0 6 8 
4 9 0 8 0 7 0 6 8 
3 9 0 8 0 7 0 6 8 
4 10 0 9 0 8 0 7 8 
3 9 0 8 0 7 0 6 8 
4 9 0 8 0 7 0 6 8 
4 10 0 9 0 8 0 7 8 
4 9 0 8 0 7 0 6 8 
3 9 0 8 0 7 0 6 8 
3 9 0 8 0 7 0 6 8 
4 10 0 9 0 8 0 7 8 
3 9 0 8 0 7 0 6 8 
4 9 0 8 0 7 0 6 8 
3 9 0 8 0 7 0 6 8 
4 9 0 8 0 7 0 6 8 
4 9 0 8 0 7 0 6 8 
4 9 0 8 0 7 0 6 8 
4 9 0 8 0 7 0 6 8 
3 9 0 8 0 7 0 6 8 
4 10 0 9 0 8 0 7 8 
3 9 0 8 0 7 0 6 8 
3 10 0 9 0 8 0 7 8 
4 9 0 8 0 7 0 6 8 
4 10 0 9 0 8 0 7 8 
3 9 0 8 0 7 0 6 8 
3 9 0 8 0 7 0 6 8 
3 9 0 8 0 7 0 6 8 
4 10 0 9 0 8 0 7 8 
4 9 0 8 0 7 0 6 8 
3 9 0 8 0 7 0 6 8 
3 9 0 8 0 7 0 6 8 
4 9 0 8 0 7 0 6 8 
3 10 0 9 0 8 0 7 8 
3 9 0 8 0 7 0 6 8 
4 9 0 8 0 7 0 6 8 
3 10 0 9 0 8 0 7 8 
4 10 0 9 0 8 0 7 8 
2 9 0 8 0 7 0 6 8 
3 9 0 8 0 7 0 6 8 
4 10 0 9 0 8 0 7 8 
4 9 0 8 0 7 0 6 8 
4 10 0 9 0 8 0 7 8 
4 9 0 8 0 7 0 6 8 
4 9 0 8 0 7 0 6 8 
4 10 0 9 0 8 0 7 8 
3 10 0 9 0 8 0 7 8 
3 9 0 8 0 7 0 6 8 
4 10 0 9 0 8 0 7 8 
4 10 0 9 0 8 0 7 8 
4 9 0 8 0 7 0 6 8 
4 10 0 9 0 8 0 7 8 
4 9 0 8 0 7 0 6 8 
2 9 0 8 0 7 0 6 8 
4 10 0 9 0 8 0 7 8 
3 9 0 8 0 7 0 6 8 
4 9 0 8 0 7 0 6 8 
4 10 0 9 0 8 0 7 8 
4 9 0 8 0 7 0 6 8 
4 9 0 8 0 7 0 6 8 
4 9 0 8 0 7 0 6 8 
4 9 0 8 0 7 0 6 8 
4 10 0 9 0 8 0 7 8 
3 9 0 8 0 7 0 6 8 
4 9 0 8 0 7 0 6 8 
4 9 0 8 0 7 0 6 8 
3 9 0 8 0 7 0 6 8 
3 10 0 9 0 8 0 7 8 
4 9 0 8 0 7 0 6 8 
4 9 0 8 0 7 0 6 8 
3 9 0 8 0 7 0 6 8 
4 11 0 10 0 9 0 8 8 
3 10 0 9 0 8 0 7 8 
3 9 0 8 0 7 0 6 8 
4 9 0 8 0 7 0 6 8 
3 9 0 8 0 7 0 6 8 
4 10 0 9 0 8 0 7 8 
4 9 0 8 0 7 0 6 8 
4 9 0 8 0 7 0 6 8 
4 10 0 9 0 8 0 7 8 
4 10 0 9 0 8 0 7 8 
3 10 0 9 0 8 0 7 8 
4 10 0 9 0 8 0 7 8 
4 10 0 9 0 8 0 7 8 
3 10 0 9 0 8 0 7 8 
4 10 0 9 0 8 0 7 8 
4 9 0 8 0 7 0 6 8 
3 9 0 8 0 7 0 6 8 
4 11 0 10 0 9 0 8 8 
3 10 0 9 0 8 0 7 8 
3 9 0 8 0 7 0 6 8 
SCORES_TXT_END_0
SCORES_TXT_BEGIN_0 1 100 9 BLEU
0 9 0 8 0 7 0 6 7 
0 9 0 8 0 7 0 6 7 
0 9 0 8 0 7 0 6 7 
0 9 0 8 0 7 0 6 7 
0 9 0 8 0 7 0 6 7 
0 9 0 8 0 7 0 6 7 
0 9 0 8 0 7 0 6 7 
0 9 0 8 0 7 0 6 7 
1 9 0 8 0 7 0 6 7 
1 9 0 8 0 7 0 6 7 
0 9 0 8 0 7 0 6 7 
0 11 0 10 0 9 0 8 7 
0 9 0 8 0 7 0 6 7 
0 11 0 10 0 9 0 8 7 
0 9 0 8 0 7 0 6 7 
0 10 0 9 0 8 0 7 7 
0 10 0 9 0 8 0 7 7 
0 9 0 8 0 7 0 6 7 
0 9 0 8 0 7 0 6 7 
0 9 0 8 0 7 0 6 7 
0 9 0 8 0 7 0 6 7 
0 9 0 8 0 7 0 6 7 
0 9 0 8 0 7 0 6 7 
0 11 0 10 0 9 0 8 7 
0 9 0 8 0 7 0 6 7 
0 9 0 8 0 7 0 6 7 
0 10 0 9 0 8 0 7 7 
0 9 0 8 0 7 0 6 7 
0 11 0 10 0 9 0 8 7 
0 10 0 9 0 8 0 7 7 
0 9 0 8 0 7 0 6 7 
0 10 0 9 0 8 0 7 7 
0 9 0 8 0 7 0 6 7 
0 10 0 9 0 8 0 7 7 
0 9 0 8 0 7 0 6 7 
0 9 0 8 0 7 0 6 7 
0 9 0 8 0 7 0 6 7 
0 9 0 8 0 7 0 6 7 
0 11 0 10 0 9 0 8 7 
0 9 0 8 0 7 0 6 7 
0 9 0 8 0 7 0 6 7 
0 11 0 10 0 9 0 8 7 
0 9 0 8 0 7 0 6 7 
0 9 0 8 0 7 0 6 7 
0 9 0 8 0 7 0 6 7 
0 9 0 8 0 7 0 6 7 
0 9 0 8 0 7 0 6 7 
0 9 0 8 0 7 0 6 7 
0 11 0 10 0 9 0 8 7 
0 11 0 10 0 9 0 8 7 
0 9 0 8 0 7 0 6 7 
0 9 0 8 0 7 0 6 7 
1 9 0 8 0 7 0 6 7 
0 9 0 8 0 7 0 6 7 
0 9 0 8 0 7 0 6 7 
0 9 0 8 0 7 0 6 7 
0 11 0 10 0 9 0 8 7 
0 9 0 8 0 7 0 6 7 
0 9 0 8 0 7 0 6 7 
0 10 0 9 0 8 0 7 7 
0 9 0 8 0 7 0 6 7 
0 9 0 8 0 7 0 6 7 
0 11 0 10 0 9 0 8 7 
0 9 0 8 0 7 0 6 7 
0 9 0 8 0 7 0 6 7 
0 9 0 8 0 7 0 6 7 
0 9 0 8 0 7 0 6 7 
0 9 0 8 0 7 0 6 7 
0 9 0 8 0 7 0 6 7 
0 9 0 8 0 7 0 6 7 
0 9 0 8 0 7 0 6 7 
0 10 0 9 0 8 0 7 7 
0 9 0 8 0 7 0 6 7 
0 9 0 8 0 7 0 6 7 
0 9 0 8 0 7 0 6 7 
0 10 0 9 0 8 0 7 7 
0 9 0 8 0 7 0 6 7 
0 9 0 8 0 7 0 6 7 
0 9 0 8 0 7 0 6 7 
0 9 0 8 0 7 0 6 7 
0 10 0 9 0 8 0 7 7 
0 9 0 8 0 7 0 6 7 
0 9 0 8 0 7 0 6 7 
0 11 0 10 0 9 0 8 7 
0 9 0 8 0 7 0 6 7 
1 9 0 8 0 7 0 6 7 
0 9 0 8 0 7 0 6 7 
0 9 0 8 0 7 0 6 7 
1 11 0 10 0 9 0 8 7 
0 9 0 8 0 7 0 6 7 
0 9 0 8 0 7 0 6 7 
0 9 0 8 0 7 0 6 7 
1 9 0 8 0 7 0 6 7 
0 9 0 8 0 7 0 6 7 
0 10 0 9 0 8 0 7 7 
0 9 0 8 0 7 0 6 7 
0 9 0 8 0 7 0 6 7 
0 9 0 8 0 7 0 6 7 
0 9 0 8 0 7 0 6 7 
0 11 0 10 0 9 0 8 7 
SCORES_TXT_END_0
SCORES_TXT_BEGIN_0 2 98 9 BLEU
2 8 1 7 0 6 0 5 6 
4 8 2 7 0 6 0 5 6 
4 8 2 7 0 6 0 5 6 
2 8 0 7 0 6 0 5 6 
3 8 1 7 0 6 0 5 6 
4 8 1 7 0 6 0 5 6 
3 8 1 7 0 6 0 5 6 
4 8 3 7 2 6 1 5 6 
2 8 1 7 0 6 0 5 6 
2 9 1 8 0 7 0 6 6 
2 8 1 7 0 6 0 5 6 
2 8 1 7 0 6 0 5 6 
3 8 0 7 0 6 0 5 6 
2 8 1 7 0 6 0 5 6 
4 8 2 7 1 6 0 5 6 
4 9 2 8 0 7 0 6 6 
4 8 2 7 0 6 0 5 6 
2 8 0 7 0 6 0 5 6 
2 8 1 7 0 6 0 5 6 
2 8 1 7 0 6 0 5 6 
2 8 1 7 0 6 0 5 6 
4 8 1 7 0 6 0 5 6 
3 8 1 7 0 6 0 5 6 
4 9 2 8 0 7 0 6 6 
4 8 2 7 0 6 0 5 6 
4 8 1 7 0 6 0 5 6 
2 9 1 8 0 7 0 6 6 
2 9 0 8 0 7 0 6 6 
2 8 0 7 0 6 0 5 6 
3 8 1 7 0 6 0 5 6 
2 8 0 7 0 6 0 5 6 
2 8 0 7 0 6 0 5 6 
2 9 0 8 0 7 0 6 6 
4 8 1 7 0 6 0 5 6 
4 8 2 7 0 6 0 5 6 
2 9 1 8 0 7 0 6 6 
3 8 1 7 0 6 0 5 6 
4 8 3 7 2 6 1 5 6 
2 8 1 7 0 6 0 5 6 
2 9 1 8 0 7 0 6 6 
3 9 1 8 0 7 0 6 6 
4 9 1 8 0 7 0 6 6 
3 8 1 7 0 6 0 5 6 
4 8 1 7 0 6 0 5 6 
2 9 1 8 0 7 0 6 6 
2 9 1 8 0 7 0 6 6 
4 8 2 7 0 6 0 5 6 
3 8 0 7 0 6 0 5 6 
4 8 2 7 0 6 0 5 6 
3 9 1 8 0 7 0 6 6 
3 8 1 7 0 6 0 5 6 
2 8 0 7 0 6 0 5 6 
4 8 3 7 2 6 1 5 6 
3 8 1 7 0 6 0 5 6 
2 9 1 8 0 7 0 6 6 
4 9 3 8 2 7 1 6 6 
4 8 3 7 2 6 1 5 6 
4 8 1 7 0 6 0 5 6 
3 8 1 7 0 6 0 5 6 
2 8 1 7 0 6 0 5 6 
4 9 2 8 0 7 0 6 6 
2 8 0 7 0 6 0 5 6 
4 9 2 8 0 7 0 6 6 
2 8 1 7 0 6 0 5 6 
2 8 0 7 0 6 0 5 6 
2 8 1 7 0 6 0 5 6 
2 8 1 7 0 6 0 5 6 
4 8 1 7 0 6 0 5 6 
2 9 1 8 0 7 0 6 6 
2 8 1 7 0 6 0 5 6 
2 8 1 7 0 6 0 5 6 
2 8 1 7 0 6 0 5 6 
4 8 2 7 0 6 0 5 6 
4 8 2 7 0 6 0 5 6 
2 8 1 7 0 6 0 5 6 
3 8 1 7 0 6 0 5 6 
4 8 1 7 0 6 0 5 6 
2 8 0 7 0 6 0 5 6 
2 9 1 8 0 7 0 6 6 
4 9 2 8 0 7 0 6 6 
2 8 0 7 0 6 0 5 6 
3 8 1 7 0 6 0 5 6 
2 8 0 7 0 6 0 5 6 
4 8 2 7 0 6 0 5 6 
4 9 2 8 0 7 0 6 6 
2 9 0 8 0 7 0 6 6 
3 8 0 7 0 6 0 5 6 
2 8 0 7 0 6 0 5 6 
2 8 1 7 0 6 0 5 6 
2 8 1 7 0 6 0 5 6 
2 9 0 8 0 7 0 6 6 
3 8 1 7 0 6 0 5 6 
2 8 1 7 0 6 0 5 6 
3 9 0 8 0 7 0 6 6 
3 8 0 7 0 6 0 5 6 
4 8 3 7 2 6 1 5 6 
3 8 1 7 0 6 0 5 6 
4 8 2 7 0 6 0 5 6 
SCORES_TXT_END_0
SCORES_TXT_BEGIN_0 3 93 9 BLEU
0 6 0 5 0 4 0 3 9 
0 7 0 6 0 5 0 4 9 
0 6 0 5 0 4 0 3 9 
0 6 0 5 0 4 0 3 9 
0 7 0 6 0 5 0 4 9 
0 6 0 5 0 4 0 3 9 
0 6 0 5 0 4 0 3 9 
0 7 0 6 0 5 0 4 9 
0 6 0 5 0 4 0 3 9 
0 6 0 5 0 4 0 3 9 
0 6 0 5 0 4 0 3 9 
0 6 0 5 0 4 0 3 9 
0 6 0 5 0 4 0 3 9 
0 6 0 5 0 4 0 3 9 
0 7 0 6 0 5 0 4 9 
0 7 0 6 0 5 0 4 9 
0 6 0 5 0 4 0 3 9 
0 6 0 5 0 4 0 3 9 
0 6 0 5 0 4 0 3 9 
0 6 0 5 0 4 0 3 9 
0 6 0 5 0 4 0 3 9 
0 6 0 5 0 4 0 3 9 
0 6 0 5 0 4 0 3 9 
0 6 0 5 0 4 0 3 9 
0 6 0 5 0 4 0 3 9 
0 6 0 5 0 4 0 3 9 
0 6 0 5 0 4 0 3 9 
0 6 0 5 0 4 0 3 9 
0 6 0 5 0 4 0 3 9 
0 7 0 6 0 5 0 4 9 
0 6 0 5 0 4 0 3 9 
0 6 0 5 0 4 0 3 9 
0 6 0 5 0 4 0 3 9 
0 6 0 5 0 4 0 3 9 
0 6 0 5 0 4 0 3 9 
0 6 0 5 0 4 0 3 9 
0 6 0 5 0 4 0 3 9 
0 6 0 5 0 4 0 3 9 
0 7 0 6 0 5 0 4 9 
0 7 0 6 0 5 0 4 9 
0 6 0 5 0 4 0 3 9 
0 6 0 5 0 4 0 3 9 
0 7 0 6 0 5 0 4 9 
0 6 0 5 0 4 0 3 9 
0 6 0 5 0 4 0 3 9 
0 7 0 6 0 5 0 4 9 
0 6 0 5 0 4 0 3 9 
0 7 0 6 0 5 0 4 9 
0 7 0 6 0 5 0 4 9 
0 6 0 5 0 4 0 3 9 
0 6 0 5 0 4 0 3 9 
0 6 0 5 0 4 0 3 9 
0 6 0 5 0 4 0 3 9 
0 7 0 6 0 5 0 4 9 
0 6 0 5 0 4 0 3 9 
0 7 0 6 0 5 0 4 9 
0 6 0 5 0 4 0 3 9 
0 6 0 5 0 4 0 3 9 
0 6 0 5 0 4 0 3 9 
0 6 0 5 0 4 0 3 9 
0 6 0 5 0 4 0 3 9 
0 6 0 5 0 4 0 3 9 
0 6 0 5 0 4 0 3 9 
0 6 0 5 0 4 0 3 9 
0 7 0 6 0 5 0 4 9 
0 6 0 5 0 4 0 3 9 
0 6 0 5 0 4 0 3 9 
0 7 0 6 0 5 0 4 9 
0 7 0 6 0 5 0 4 9 
0 7 0 6 0 5 0 4 9 
0 6 0 5 0 4 0 3 9 
0 7 0 6 0 5 0 4 9 
0 7 0 6 0 5 0 4 9 
0 6 0 5 0 4 0 3 9 
0 6 0 5 0 4 0 3 9 
0 6 0 5 0 4 0 3 9 
0 7 0 6 0 5 0 4 9 
0 7 0 6 0 5 0 4 9 
0 6 0 5 0 4 0 3 9 
0 6 0 5 0 4 0 3 9 
0 6 0 5 0 4 0 3 9 
0 6 0 5 0 4 0 3 9 
0 6 0 5 0 4 0 3 9 
0 7 0 6 0 5 0 4 9 
0 6 0 5 0 4 0 3 9 
0 7 0 6 0 5 0 4 9 
0 6 0 5 0 4 0 3 9 
0 7 0 6 0 5 0 4 9 
0 6 0 5 0 4 0 3 9 
0 6 0 5 0 4 0 3 9 
0 6 0 5 0 4 0 3 9 
0 7 0 6 0 5 0 4 9 
0 7 0 6 0 5 0 4 9 
SCORES_TXT_END_0
SCORES_TXT_BEGIN_0 4 98 9 BLEU
4 8 3 7 2 6 1 5 8 
4 8 3 7 2 6 1 5 8 
3 8 2 7 1 6 0 5 8 
4 8 3 7 2 6 1 5 8 
4 8 3 7 2 6 1 5 8 
4 8 3 7 2 6 1 5 8 
4 8 3 7 2 6 1 5 8 
4 8 3 7 2 6 1 5 8 
4 8 3 7 2 6 1 5 8 
4 8 3 7 2 6 1 5 8 
4 8 3 7 2 6 1 5 8 
4 8 2 7 1 6 0 5 8 
4 8 3 7 2 6 1 5 8 
4 8 3 7 2 6 1 5 8 
4 8 3 7 2 6 1 5 8 
4 8 3 7 2 6 1 5 8 
4 8 3 7 2 6 1 5 8 
4 8 3 7 2 6 1 5 8 
4 8 3 7 2 6 1 5 8 
4 8 3 7 2 6 1 5 8 
4 8 3 7 2 6 1 5 8 
3 8 2 7 1 6 0 5 8 
4 8 3 7 2 6 1 5 8 
4 8 3 7 2 6 1 5 8 
4 8 3 7 2 6 1 5 8 
4 8 3 7 2 6 1 5 8 
4 8 3 7 2 6 1 5 8 
4 8 3 7 2 6 1 5 8 
4 8 3 7 2 6 1 5 8 
4 8 3 7 2 6 1 5 8 
3 8 2 7 1 6 0 5 8 
4 8 3 7 2 6 1 5 8 
3 8 2 7 1 6 0 5 8 
4 8 3 7 2 6 1 5 8 
3 8 2 7 1 6 0 5 8 
3 8 2 7 1 6 0 5 8 
3 8 2 7 1 6 0 5 8 
3 8 2 7 1 6 0 5 8 
4 8 3 7 2 6 1 5 8 
4 8 3 7 2 6 1 5 8 
4 8 3 7 2 6 1 5 8 
4 8 3 7 2 6 1 5 8 
3 8 2 7 1 6 0 5 8 
3 8 2 7 1 6 0 5 8 
4 8 3 7 2 6 1 5 8 
4 8 3 7 2 6 1 5 8 
4 8 3 7 2 6 1 5 8 
3 8 2 7 1 6 0 5 8 
4 8 2 7 1 6 0 5 8 
4 8 2 7 1 6 0 5 8 
4 8 3 7 2 6 1 5 8 
4 8 3 7 2 6 1 5 8 
4 8 3 7 2 6 1 5 8 
4 8 3 7 2 6 1 5 8 
3 8 2 7 1 6 0 5 8 
4 8 3 7 2 6 1 5 8 
4 8 3 7 2 6 1 5 8 
4 8 2 7 1 6 0 5 8 
4 8 3 7 2 6 1 5 8 
4 8 3 7 2 6 1 5 8 
4 8 3 7 2 6 1 5 8 
3 8 2 7 1 6 0 5 8 
3 8 2 7 1 6 0 5 8 
4 8 3 7 2 6 1 5 8 
4 8 3 7 2 6 1 5 8 
4 8 2 7 1 6 0 5 8 
3 8 2 7 1 6 0 5 8 
4 8 3 7 2 6 1 5 8 
4 8 3 7 2 6 1 5 8 
4 8 3 7 2 6 1 5 8 
4 8 3 7 2 6 1 5 8 
4 8 3 7 2 6 1 5 8 
4 8 3 7 2 6 1 5 8 
3 8 2 7 1 6 0 5 8 
4 8 3 7 2 6 1 5 8 
3 8 2 7 1 6 0 5 8 
4 8 2 7 1 6 0 5 8 
3 8 2 7 1 6 0 5 8 
4 8 3 7 2 6 1 5 8 
3 8 2 7 1 6 0 5 8 
4 8 3 7 2 6 1 5 8 
4 8 3 7 2 6 1 5 8 
4 9 3 8 2 7 1 6 8 
4 8 3 7 2 6 1 5 8 
4 8 3 7 2 6 1 5 8 
4 8 3 7 2 6 1 5 8 
4 8 2 7 1 6 0 5 8 
3 8 2 7 1 6 0 5 8 
4 8 3 7 2 6 1 5 8 
4 8 3 7 2 6 1 5 8 
4 9 2 8 1 7 0 6 8 
4 9 2 8 1 7 0 6 8 
3 8 2 7 1 6 0 5 8 
4 8 3 7 2 6 1 5 8 
4 8 3 7 2 6 1 5 8 
4 8 3 7 2 6 1 5 8 
4 8 3 7 2 6 1 5 8 
3 8 2 7 1 6 0 5 8 
SCORES_TXT_END_0
SCORES_TXT_BEGIN_0 5 99 9 BLEU
7 19 3 18 1 17 0 16 20 
7 19 3 18 1 17 0 16 20 
8 19 4 18 2 17 1 16 20 
6 19 3 18 1 17 0 16 20 
8 19 4 18 2 17 1 16 20 
6 19 3 18 1 17 0 16 20 
6 19 2 18 0 17 0 16 20 
7 19 3 18 1 17 0 16 20 
6 19 3 18 1 17 0 16 20 
6 19 3 18 1 17 0 16 20 
6 19 2 18 0 17 0 16 20 
7 19 3 18 1 17 0 16 20 
7 21 3 20 1 19 0 18 20 
7 19 4 18 2 17 1 16 20 
7 19 4 18 2 17 1 16 20 
7 19 3 18 1 17 0 16 20 
6 19 2 18 0 17 0 16 20 
7 19 3 18 1 17 0 16 20 
7 19 2 18 0 17 0 16 20 
7 21 3 20 1 19 0 18 20 
8 19 4 18 2 17 1 16 20 
7 19 4 18 2 17 1 16 20 
7 19 4 18 2 17 1 16 20 
7 19 3 18 1 17 0 16 20 
6 19 2 18 0 17 0 16 20 
7 19 3 18 1 17 0 16 20 
7 19 3 18 1 17 0 16 20 
8 19 3 18 1 17 0 16 20 
5 19 2 18 0 17 0 16 20 
6 19 3 18 1 17 0 16 20 
7 19 2 18 0 17 0 16 20 
8 19 4 18 2 17 1 16 20 
7 19 3 18 1 17 0 16 20 
5 19 2 18 0 17 0 16 20 
6 19 3 18 1 17 0 16 20 
7 20 3 19 1 18 0 17 20 
7 19 2 18 1 17 0 16 20 
8 21 4 20 2 19 1 18 20 
7 19 3 18 1 17 0 16 20 
6 19 2 18 0 17 0 16 20 
7 19 3 18 1 17 0 16 20 
7 20 2 19 0 18 0 17 20 
7 19 2 18 0 17 0 16 20 
7 19 3 18 1 17 0 16 20 
5 19 2 18 0 17 0 16 20 
6 19 3 18 1 17 0 16 20 
7 19 2 18 1 17 0 16 20 
7 19 2 18 0 17 0 16 20 
7 19 3 18 1 17 0 16 20 
5 19 2 18 0 17 0 16 20 
7 19 3 18 1 17 0 16 20 
7 19 3 18 1 17 0 16 20 
6 19 3 18 1 17 0 16 20 
7 20 3 19 1 18 0 17 20 
8 19 4 18 2 17 1 16 20 
6 19 1 18 0 17 0 16 20 
7 19 2 18 1 17 0 16 20 
6 21 3 20 1 19 0 18 20 
7 19 2 18 1 17 0 16 20 
7 19 3 18 1 17 0 16 20 
8 21 4 20 2 19 1 18 20 
6 21 3 20 1 19 0 18 20 
7 20 3 19 1 18 0 17 20 
6 19 3 18 1 17 0 16 20 
7 19 3 18 1 17 0 16 20 
8 19 4 18 2 17 1 16 20 
6 19 2 18 0 17 0 16 20 
7 20 3 19 1 18 0 17 20 
7 19 3 18 1 17 0 16 20 
7 21 2 20 0 19 0 18 20 
7 19 3 18 1 17 0 16 20 
7 20 2 19 0 18 0 17 20 
7 19 3 18 1 17 0 16 20 
7 19 2 18 0 17 0 16 20 
7 19 3 18 1 17 0 16 20 
6 19 3 18 1 17 0 16 20 
7 19 3 18 1 17 0 16 20 
5 19 2 18 0 17 0 16 20 
7 19 2 18 0 17 0 16 20 
6 21 2 20 0 19 0 18 20 
7 19 2 18 0 17 0 16 20 
7 19 2 18 1 17 0 16 20 
7 19 2 18 0 17 0 16 20 
7 19 3 18 1 17 0 16 20 
6 19 3 18 1 17 0 16 20 
5 19 2 18 0 17 0 16 20 
6 19 1 18 0 17 0 16 20 
7 19 3 18 1 17 0 16 20 
6 19 3 18 1 17 0 16 20 
7 19 3 18 1 17 0 16 20 
8 19 4 18 2 17 1 16 20 
8 19 3 18 1 17 0 16 20 
9 19 4 18 2 17 1 16 20 
6 19 3 18 1 17 0 16 20 
6 19 1 18 0 17 0 16 20 
7 19 2 18 1 17 0 16 20 
6 19 2 18 0 17 0 16 20 
6 21 3 20 1 19 0 18 20 
7 19 3 18 1 17 0 16 20 
SCORES_TXT_END_0
SCORES_TXT_BEGIN_0 6 86 9 BLEU
1 6 0 5 0 4 0 3 6 
1 6 0 5 0 4 0 3 6 
1 6 0 5 0 4 0 3 6 
1 6 0 5 0 4 0 3 6 
0 6 0 5 0 4 0 3 6 
1 6 0 5 0 4 0 3 6 
0 6 0 5 0 4 0 3 6 
1 6 0 5 0 4 0 3 6 
1 6 0 5 0 4 0 3 6 
1 6 0 5 0 4 0 3 6 
1 6 0 5 0 4 0 3 6 
1 6 0 5 0 4 0 3 6 
1 6 0 5 0 4 0 3 6 
1 6 0 5 0 4 0 3 6 
1 6 0 5 0 4 0 3 6 
1 6 0 5 0 4 0 3 6 
1 6 0 5 0 4 0 3 6 
1 6 0 5 0 4 0 3 6 
1 6 0 5 0 4 0 3 6 
1 6 0 5 0 4 0 3 6 
1 6 0 5 0 4 0 3 6 
1 6 0 5 0 4 0 3 6 
1 6 0 5 0 4 0 3 6 
1 6 0 5 0 4 0 3 6 
1 6 0 5 0 4 0 3 6 
1 6 0 5 0 4 0 3 6 
1 6 0 5 0 4 0 3 6 
1 6 0 5 0 4 0 3 6 
1 6 0 5 0 4 0 3 6 
1 6 0 5 0 4 0 3 6 
1 6 0 5 0 4 0 3 6 
1 6 0 5 0 4 0 3 6 
1 6 0 5 0 4 0 3 6 
1 6 0 5 0 4 0 3 6 
1 6 0 5 0 4 0 3 6 
1 6 0 5 0 4 0 3 6 
1 6 0 5 0 4 0 3 6 
0 6 0 5 0 4 0 3 6 
1 6 0 5 0 4 0 3 6 
1 6 0 5 0 4 0 3 6 
1 6 0 5 0 4 0 3 6 
1 6 0 5 0 4 0 3 6 
0 6 0 5 0 4 0 3 6 
1 6 0 5 0 4 0 3 6 
0 6 0 5 0 4 0 3 6 
1 6 0 5 0 4 0 3 6 
1 6 0 5 0 4 0 3 6 
1 6 0 5 0 4 0 3 6 
0 6 0 5 0 4 0 3 6 
1 6 0 5 0 4 0 3 6 
1 6 0 5 0 4 0 3 6 
0 6 0 5 0 4 0 3 6 
0 6 0 5 0 4 0 3 6 
1 6 0 5 0 4 0 3 6 
1 6 0 5 0 4 0 3 6 
1 6 0 5 0 4 0 3 6 
1 6 0 5 0 4 0 3 6 
1 6 0 5 0 4 0 3 6 
1 6 0 5 0 4 0 3 6 
0 6 0 5 0 4 0 3 6 
0 6 0 5 0 4 0 3 6 
1 6 0 5 0 4 0 3 6 
1 6 0 5 0 4 0 3 6 
1 6 0 5 0 4 0 3 6 
1 6 0 5 0 4 0 3 6 
0 6 0 5 0 4 0 3 6 
0 6 0 5 0 4 0 3 6 
0 6 0 5 0 4 0 3 6 
1 6 0 5 0 4 0 3 6 
1 6 0 5 0 4 0 3 6 
1 6 0 5 0 4 0 3 6 
1 6 0 5 0 4 0 3 6 
1 6 0 5 0 4 0 3 6 
0 6 0 5 0 4 0 3 6 
1 6 0 5 0 4 0 3 6 
0 6 0 5 0 4 0 3 6 
1 6 0 5 0 4 0 3 6 
1 6 0 5 0 4 0 3 6 
1 6 0 5 0 4 0 3 6 
0 6 0 5 0 4 0 3 6 
0 6 0 5 0 4 0 3 6 
1 6 0 5 0 4 0 3 6 
0 6 0 5 0 4 0 3 6 
1 6 0 5 0 4 0 3 6 
1 6 0 5 0 4 0 3 6 
1 6 0 5 0 4 0 3 6 
SCORES_TXT_END_0
SCORES_TXT_BEGIN_0 7 100 9 BLEU
2 6 0 5 0 4 0 3 6 
2 6 0 5 0 4 0 3 6 
1 6 0 5 0 4 0 3 6 
1 6 0 5 0 4 0 3 6 
1 6 0 5 0 4 0 3 6 
1 6 0 5 0 4 0 3 6 
2 6 0 5 0 4 0 3 6 
1 6 0 5 0 4 0 3 6 
1 6 0 5 0 4 0 3 6 
2 6 0 5 0 4 0 3 6 
2 6 0 5 0 4 0 3 6 
2 6 0 5 0 4 0 3 6 
2 6 0 5 0 4 0 3 6 
2 6 0 5 0 4 0 3 6 
2 6 0 5 0 4 0 3 6 
2 6 0 5 0 4 0 3 6 
2 6 0 5 0 4 0 3 6 
2 6 0 5 0 4 0 3 6 
2 6 0 5 0 4 0 3 6 
2 6 0 5 0 4 0 3 6 
2 7 0 6 0 5 0 4 6 
2 6 0 5 0 4 0 3 6 
2 6 0 5 0 4 0 3 6 
2 6 0 5 0 4 0 3 6 
0 6 0 5 0 4 0 3 6 
0 6 0 5 0 4 0 3 6 
1 6 0 5 0 4 0 3 6 
1 6 0 5 0 4 0 3 6 
2 6 0 5 0 4 0 3 6 
2 6 0 5 0 4 0 3 6 
2 6 0 5 0 4 0 3 6 
2 6 0 5 0 4 0 3 6 
0 6 0 5 0 4 0 3 6 
0 6 0 5 0 4 0 3 6 
2 6 0 5 0 4 0 3 6 
1 6 0 5 0 4 0 3 6 
2 6 0 5 0 4 0 3 6 
2 6 0 5 0 4 0 3 6 
2 6 0 5 0 4 0 3 6 
2 6 0 5 0 4 0 3 6 
2 6 0 5 0 4 0 3 6 
2 6 0 5 0 4 0 3 6 
2 6 0 5 0 4 0 3 6 
2 6 0 5 0 4 0 3 6 
2 6 0 5 0 4 0 3 6 
1 6 0 5 0 4 0 3 6 
2 6 0 5 0 4 0 3 6 
1 6 0 5 0 4 0 3 6 
2 6 0 5 0 4 0 3 6 
1 6 0 5 0 4 0 3 6 
2 6 0 5 0 4 0 3 6 
2 6 0 5 0 4 0 3 6 
1 6 0 5 0 4 0 3 6 
1 6 0 5 0 4 0 3 6 
1 6 0 5 0 4 0 3 6 
2 6 0 5 0 4 0 3 6 
2 6 0 5 0 4 0 3 6 
1 7 0 6 0 5 0 4 6 
1 6 0 5 0 4 0 3 6 
1 6 0 5 0 4 0 3 6 
1 6 0 5 0 4 0 3 6 
1 6 0 5 0 4 0 3 6 
1 6 0 5 0 4 0 3 6 
1 6 0 5 0 4 0 3 6 
2 6 0 5 0 4 0 3 6 
1 6 0 5 0 4 0 3 6 
2 6 0 5 0 4 0 3 6 
1 6 0 5 0 4 0 3 6 
1 6 0 5 0 4 0 3 6 
2 6 0 5 0 4 0 3 6 
1 6 0 5 0 4 0 3 6 
1 6 0 5 0 4 0 3 6 
1 6 0 5 0 4 0 3 6 
1 6 0 5 0 4 0 3 6 
1 6 0 5 0 4 0 3 6 
1 6 0 5 0 4 0 3 6 
2 6 0 5 0 4 0 3 6 
2 6 0 5 0 4 0 3 6 
1 6 0 5 0 4 0 3 6 
2 6 0 5 0 4 0 3 6 
1 6 0 5 0 4 0 3 6 
1 7 0 6 0 5 0 4 6 
1 6 0 5 0 4 0 3 6 
1 6 0 5 0 4 0 3 6 
1 6 0 5 0 4 0 3 6 
1 6 0 5 0 4 0 3 6 
1 6 0 5 0 4 0 3 6 
1 6 0 5 0 4 0 3 6 
1 6 0 5 0 4 0 3 6 
1 6 0 5 0 4 0 3 6 
2 6 0 5 0 4 0 3 6 
1 6 0 5 0 4 0 3 6 
2 6 0 5 0 4 0 3 6 
1 6 0 5 0 4 0 3 6 
2 6 0 5 0 4 0 3 6 
2 6 0 5 0 4 0 3 6 
1 6 0 5 0 4 0 3 6 
1 6 0 5 0 4 0 3 6 
1 6 0 5 0 4 0 3 6 
1 6 0 5 0 4 0 3 6 
SCORES_TXT_END_0
SCORES_TXT_BEGIN_0 8 100 9 BLEU
7 12 4 11 3 10 2 9 11 
7 12 4 11 3 10 2 9 11 
6 11 3 10 2 9 1 8 11 
7 12 4 11 3 10 2 9 11 
7 12 4 11 3 10 2 9 11 
6 11 3 10 2 9 1 8 11 
6 11 3 10 2 9 1 8 11 
7 12 4 11 3 10 2 9 11 
7 12 4 11 3 10 2 9 11 
6 11 3 10 2 9 1 8 11 
7 12 4 11 3 10 2 9 11 
7 12 4 11 3 10 2 9 11 
6 11 3 10 2 9 1 8 11 
6 11 3 10 2 9 1 8 11 
6 11 3 10 2 9 1 8 11 
7 12 4 11 3 10 2 9 11 
7 12 4 11 3 10 2 9 11 
7 12 4 11 3 10 2 9 11 
7 12 4 11 3 10 2 9 11 
6 11 3 10 2 9 1 8 11 
7 13 3 12 2 11 1 10 11 
7 12 4 11 3 10 2 9 11 
7 12 4 11 3 10 2 9 11 
7 12 4 11 3 10 2 9 11 
7 13 3 12 2 11 1 10 11 
6 12 2 11 1 10 0 9 11 
7 13 3 12 2 11 1 10 11 
6 12 2 11 0 10 0 9 11 
6 13 3 12 2 11 1 10 11 
7 13 3 12 2 11 1 10 11 
6 12 2 11 1 10 0 9 11 
7 12 4 11 3 10 2 9 11 
7 13 3 12 2 11 1 10 11 
6 12 2 11 1 10 0 9 11 
6 12 2 11 0 10 0 9 11 
6 13 3 12 2 11 1 10 11 
7 13 3 12 2 11 1 10 11 
7 13 3 12 2 11 1 10 11 
5 11 1 10 0 9 0 8 11 
5 12 2 11 1 10 0 9 11 
6 12 2 11 1 10 0 9 11 
6 12 2 11 0 10 0 9 11 
6 13 3 12 2 11 1 10 11 
7 13 3 12 2 11 1 10 11 
6 13 3 12 2 11 1 10 11 
7 13 3 12 2 11 1 10 11 
6 12 2 11 1 10 0 9 11 
7 13 3 12 2 11 1 10 11 
5 11 1 10 0 9 0 8 11 
5 12 2 11 1 10 0 9 11 
7 13 3 12 2 11 1 10 11 
6 12 2 11 1 10 0 9 11 
6 12 2 11 1 10 0 9 11 
6 13 3 12 2 11 1 10 11 
5 11 1 10 0 9 0 8 11 
5 12 2 11 1 10 0 9 11 
6 12 2 11 1 10 0 9 11 
6 13 3 12 2 11 1 10 11 
6 12 2 11 0 10 0 9 11 
6 13 3 12 2 11 1 10 11 
6 13 3 12 2 11 1 10 11 
7 13 3 12 2 11 1 10 11 
5 12 2 11 1 10 0 9 11 
6 12 2 11 1 10 0 9 11 
6 13 3 12 2 11 1 10 11 
7 12 4 11 3 10 2 9 11 
6 12 2 11 1 10 0 9 11 
7 13 3 12 2 11 1 10 11 
6 13 3 12 2 11 1 10 11 
7 13 3 12 2 11 1 10 11 
5 12 2 11 1 10 0 9 11 
7 13 3 12 2 11 1 10 11 
7 12 4 11 3 10 2 9 11 
6 13 3 12 2 11 1 10 11 
6 13 3 12 2 11 1 10 11 
5 12 2 11 1 10 0 9 11 
6 12 2 11 0 10 0 9 11 
6 13 3 12 2 11 1 10 11 
5 11 1 10 0 9 0 8 11 
5 12 2 11 1 10 0 9 11 
5 12 2 11 1 10 0 9 11 
7 13 3 12 2 11 1 10 11 
6 12 2 11 1 10 0 9 11 
6 13 3 12 2 11 1 10 11 
7 12 4 11 3 10 2 9 11 
5 12 2 11 1 10 0 9 11 
6 11 3 10 2 9 1 8 11 
6 13 3 12 2 11 1 10 11 
6 13 3 12 2 11 1 10 11 
7 12 4 11 3 10 2 9 11 
5 12 2 11 1 10 0 9 11 
7 13 3 12 2 11 1 10 11 
6 12 2 11 1 10 0 9 11 
7 12 4 11 3 10 2 9 11 
6 11 3 10 2 9 1 8 11 
5 12 2 11 1 10 0 9 11 
5 12 2 11 1 10 0 9 11 
6 12 2 11 0 10 0 9 11 
6 13 3 12 2 11 1 10 11 
7 13 3 12 2 11 1 10 11 
SCORES_TXT_END_0
SCORES_TXT_BEGIN_0 9 100 9 BLEU
2 5 0 4 0 3 0 2 4 
2 5 0 4 0 3 0 2 4 
2 5 0 4 0 3 0 2 4 
2 5 0 4 0 3 0 2 4 
2 6 0 5 0 4 0 3 4 
2 6 0 5 0 4 0 3 4 
2 6 0 5 0 4 0 3 4 
2 6 0 5 0 4 0 3 4 
2 6 0 5 0 4 0 3 4 
2 6 0 5 0 4 0 3 4 
1 5 0 4 0 3 0 2 4 
1 5 0 4 0 3 0 2 4 
1 5 0 4 0 3 0 2 4 
1 5 0 4 0 3 0 2 4 
2 6 0 5 0 4 0 3 4 
2 7 0 6 0 5 0 4 4 
2 6 0 5 0 4 0 3 4 
2 7 0 6 0 5 0 4 4 
3 5 2 4 1 3 0 2 4 
1 5 0 4 0 3 0 2 4 
1 5 0 4 0 3 0 2 4 
2 6 0 5 0 4 0 3 4 
2 6 0 5 0 4 0 3 4 
1 5 0 4 0 3 0 2 4 
1 5 0 4 0 3 0 2 4 
1 5 0 4 0 3 0 2 4 
1 5 0 4 0 3 0 2 4 
2 5 0 4 0 3 0 2 4 
2 5 0 4 0 3 0 2 4 
2 5 0 4 0 3 0 2 4 
2 5 0 4 0 3 0 2 4 
1 5 0 4 0 3 0 2 4 
1 5 0 4 0 3 0 2 4 
2 7 0 6 0 5 0 4 4 
2 7 0 6 0 5 0 4 4 
2 5 0 4 0 3 0 2 4 
2 5 0 4 0 3 0 2 4 
2 5 0 4 0 3 0 2 4 
2 5 0 4 0 3 0 2 4 
2 5 0 4 0 3 0 2 4 
2 5 0 4 0 3 0 2 4 
2 5 0 4 0 3 0 2 4 
1 5 0 4 0 3 0 2 4 
2 6 0 5 0 4 0 3 4 
2 6 0 5 0 4 0 3 4 
1 5 0 4 0 3 0 2 4 
1 6 0 5 0 4 0 3 4 
1 6 0 5 0 4 0 3 4 
1 6 0 5 0 4 0 3 4 
1 6 0 5 0 4 0 3 4 
2 7 0 6 0 5 0 4 4 
2 8 0 7 0 6 0 5 4 
2 7 0 6 0 5 0 4 4 
2 8 0 7 0 6 0 5 4 
3 6 2 5 1 4 0 3 4 
2 6 0 5 0 4 0 3 4 
2 7 0 6 0 5 0 4 4 
2 6 0 5 0 4 0 3 4 
1 6 0 5 0 4 0 3 4 
2 5 0 4 0 3 0 2 4 
1 6 0 5 0 4 0 3 4 
2 6 0 5 0 4 0 3 4 
2 7 0 6 0 5 0 4 4 
2 6 0 5 0 4 0 3 4 
1 5 0 4 0 3 0 2 4 
2 7 0 6 0 5 0 4 4 
2 7 0 6 0 5 0 4 4 
1 6 0 5 0 4 0 3 4 
2 6 0 5 0 4 0 3 4 
1 6 0 5 0 4 0 3 4 
2 5 0 4 0 3 0 2 4 
1 6 0 5 0 4 0 3 4 
2 6 0 5 0 4 0 3 4 
1 6 0 5 0 4 0 3 4 
1 5 0 4 0 3 0 2 4 
1 5 0 4 0 3 0 2 4 
2 6 0 5 0 4 0 3 4 
2 6 0 5 0 4 0 3 4 
2 5 0 4 0 3 0 2 4 
2 6 0 5 0 4 0 3 4 
1 5 0 4 0 3 0 2 4 
2 6 0 5 0 4 0 3 4 
1 5 0 4 0 3 0 2 4 
1 5 0 4 0 3 0 2 4 
3 6 2 5 1 4 0 3 4 
3 7 1 6 0 5 0 4 4 
2 6 0 5 0 4 0 3 4 
2 5 0 4 0 3 0 2 4 
1 5 0 4 0 3 0 2 4 
1 5 0 4 0 3 0 2 4 
2 6 0 5 0 4 0 3 4 
2 5 0 4 0 3 0 2 4 
2 5 1 4 0 3 0 2 4 
1 5 0 4 0 3 0 2 4 
2 6 0 5 0 4 0 3 4 
3 6 1 5 0 4 0 3 4 
1 5 0 4 0 3 0 2 4 
2 5 0 4 0 3 0 2 4 
2 6 0 5 0 4 0 3 4 
2 5 0 4 0 3 0 2 4 
SCORES_TXT_END_0
SCORES_TXT_BEGIN_0 10 100 9 BLEU
3 7 2 6 1 5 0 4 4 
3 7 2 6 1 5 0 4 4 
3 7 2 6 1 5 0 4 4 
3 7 2 6 1 5 0 4 4 
3 7 2 6 1 5 0 4 4 
3 7 2 6 1 5 0 4 4 
2 7 0 6 0 5 0 4 4 
2 7 0 6 0 5 0 4 4 
2 7 0 6 0 5 0 4 4 
2 7 0 6 0 5 0 4 4 
3 7 2 6 1 5 0 4 4 
3 7 2 6 1 5 0 4 4 
3 7 2 6 1 5 0 4 4 
2 7 0 6 0 5 0 4 4 
2 7 0 6 0 5 0 4 4 
3 7 2 6 1 5 0 4 4 
3 7 2 6 1 5 0 4 4 
3 7 2 6 1 5 0 4 4 
3 8 2 7 1 6 0 5 4 
3 8 2 7 1 6 0 5 4 
3 7 2 6 1 5 0 4 4 
3 7 2 6 1 5 0 4 4 
3 8 2 7 1 6 0 5 4 
3 7 2 6 1 5 0 4 4 
3 7 2 6 1 5 0 4 4 
3 7 2 6 1 5 0 4 4 
3 8 2 7 1 6 0 5 4 
3 8 2 7 1 6 0 5 4 
3 8 2 7 1 6 0 5 4 
3 8 2 7 1 6 0 5 4 
3 7 2 6 1 5 0 4 4 
2 7 1 6 0 5 0 4 4 
3 7 2 6 1 5 0 4 4 
3 7 2 6 1 5 0 4 4 
3 8 2 7 1 6 0 5 4 
3 8 2 7 1 6 0 5 4 
3 8 2 7 1 6 0 5 4 
3 8 2 7 1 6 0 5 4 
2 7 1 6 0 5 0 4 4 
3 7 2 6 1 5 0 4 4 
3 8 2 7 1 6 0 5 4 
2 7 0 6 0 5 0 4 4 
2 8 0 7 0 6 0 5 4 
3 7 2 6 1 5 0 4 4 
2 7 1 6 0 5 0 4 4 
3 7 2 6 1 5 0 4 4 
3 7 2 6 1 5 0 4 4 
2 7 1 6 0 5 0 4 4 
3 7 2 6 1 5 0 4 4 
3 7 2 6 1 5 0 4 4 
2 7 1 6 0 5 0 4 4 
3 7 2 6 1 5 0 4 4 
3 7 2 6 1 5 0 4 4 
2 7 1 6 0 5 0 4 4 
3 7 2 6 1 5 0 4 4 
3 7 2 6 1 5 0 4 4 
2 7 0 6 0 5 0 4 4 
2 8 0 7 0 6 0 5 4 
3 7 2 6 1 5 0 4 4 
3 7 2 6 1 5 0 4 4 
3 7 2 6 1 5 0 4 4 
3 7 2 6 1 5 0 4 4 
3 7 2 6 1 5 0 4 4 
3 7 1 6 0 5 0 4 4 
3 7 2 6 1 5 0 4 4 
3 7 2 6 1 5 0 4 4 
3 8 1 7 0 6 0 5 4 
3 7 2 6 1 5 0 4 4 
3 7 2 6 1 5 0 4 4 
3 7 2 6 1 5 0 4 4 
2 7 1 6 0 5 0 4 4 
3 7 2 6 1 5 0 4 4 
3 7 2 6 1 5 0 4 4 
3 7 1 6 0 5 0 4 4 
2 7 1 6 0 5 0 4 4 
3 7 2 6 1 5 0 4 4 
2 8 0 7 0 6 0 5 4 
3 7 2 6 1 5 0 4 4 
2 7 0 6 0 5 0 4 4 
2 7 0 6 0 5 0 4 4 
3 7 2 6 1 5 0 4 4 
2 7 0 6 0 5 0 4 4 
3 8 1 7 0 6 0 5 4 
2 7 0 6 0 5 0 4 4 
2 8 0 7 0 6 0 5 4 
3 7 2 6 1 5 0 4 4 
2 7 1 6 0 5 0 4 4 
2 8 0 7 0 6 0 5 4 
3 7 2 6 1 5 0 4 4 
3 7 2 6 1 5 0 4 4 
3 7 2 6 1 5 0 4 4 
2 7 0 6 0 5 0 4 4 
3 7 2 6 1 5 0 4 4 
3 7 2 6 1 5 0 4 4 
2 7 1 6 0 5 0 4 4 
2 8 0 7 0 6 0 5 4 
3 7 2 6 1 5 0 4 4 
3 7 2 6 1 5 0 4 4 
1 7 0 6 0 5 0 4 4 
3 7 2 6 1 5 0 4 4 
SCORES_TXT_END_0
SCORES_TXT_BEGIN_0 11 100 9 BLEU
6 19 1 18 0 17 0 16 16 
6 19 1 18 0 17 0 16 16 
6 19 1 18 0 17 0 16 16 
6 19 1 18 0 17 0 16 16 
7 20 1 19 0 18 0 17 16 
7 20 1 19 0 18 0 17 16 
6 20 1 19 0 18 0 17 16 
6 20 1 19 0 18 0 17 16 
7 20 1 19 0 18 0 17 16 
7 20 1 19 0 18 0 17 16 
6 19 1 18 0 17 0 16 16 
7 20 1 19 0 18 0 17 16 
6 19 1 18 0 17 0 16 16 
7 20 1 19 0 18 0 17 16 
6 19 1 18 0 17 0 16 16 
6 19 1 18 0 17 0 16 16 
6 19 1 18 0 17 0 16 16 
6 19 1 18 0 17 0 16 16 
6 20 1 19 0 18 0 17 16 
6 20 1 19 0 18 0 17 16 
6 20 1 19 0 18 0 17 16 
6 19 1 18 0 17 0 16 16 
6 20 1 19 0 18 0 17 16 
6 19 1 18 0 17 0 16 16 
6 19 1 18 0 17 0 16 16 
6 19 1 18 0 17 0 16 16 
5 19 1 18 0 17 0 16 16 
6 19 1 18 0 17 0 16 16 
6 19 1 18 0 17 0 16 16 
6 19 1 18 0 17 0 16 16 
5 19 1 18 0 17 0 16 16 
6 19 1 18 0 17 0 16 16 
5 19 1 18 0 17 0 16 16 
5 19 1 18 0 17 0 16 16 
5 19 1 18 0 17 0 16 16 
5 19 1 18 0 17 0 16 16 
5 19 1 18 0 17 0 16 16 
5 19 1 18 0 17 0 16 16 
6 19 1 18 0 17 0 16 16 
6 19 1 18 0 17 0 16 16 
6 19 1 18 0 17 0 16 16 
6 20 1 19 0 18 0 17 16 
6 19 1 18 0 17 0 16 16 
6 20 1 19 0 18 0 17 16 
6 19 1 18 0 17 0 16 16 
6 19 1 18 0 17 0 16 16 
7 21 1 20 0 19 0 18 16 
7 21 1 20 0 19 0 18 16 
6 19 1 18 0 17 0 16 16 
6 19 1 18 0 17 0 16 16 
7 20 1 19 0 18 0 17 16 
6 19 1 18 0 17 0 16 16 
6 19 1 18 0 17 0 16 16 
7 20 1 19 0 18 0 17 16 
6 19 1 18 0 17 0 16 16 
6 19 1 18 0 17 0 16 16 
6 19 1 18 0 17 0 16 16 
6 19 1 18 0 17 0 16 16 
7 21 1 20 0 19 0 18 16 
6 20 1 19 0 18 0 17 16 
5 19 1 18 0 17 0 16 16 
7 21 1 20 0 19 0 18 16 
6 20 1 19 0 18 0 17 16 
5 19 1 18 0 17 0 16 16 
6 20 1 19 0 18 0 17 16 
6 20 1 19 0 18 0 17 16 
6 19 1 18 0 17 0 16 16 
6 19 1 18 0 17 0 16 16 
5 19 1 18 0 17 0 16 16 
6 20 1 19 0 18 0 17 16 
6 19 1 18 0 17 0 16 16 
6 20 1 19 0 18 0 17 16 
6 19 1 18 0 17 0 16 16 
6 19 1 18 0 17 0 16 16 
5 19 1 18 0 17 0 16 16 
6 19 1 18 0 17 0 16 16 
6 19 1 18 0 17 0 16 16 
6 19 1 18 0 17 0 16 16 
6 20 1 19 0 18 0 17 16 
6 19 1 18 0 17 0 16 16 
6 20 1 19 0 18 0 17 16 
6 21 1 20 0 19 0 18 16 
6 19 1 18 0 17 0 16 16 
6 19 1 18 0 17 0 16 16 
6 20 1 19 0 18 0 17 16 
6 19 1 18 0 17 0 16 16 
7 20 1 19 0 18 0 17 16 
6 19 1 18 0 17 0 16 16 
6 19 1 18 0 17 0 16 16 
6 20 1 19 0 18 0 17 16 
6 21 1 20 0 19 0 18 16 
6 19 1 18 0 17 0 16 16 
6 19 1 18 0 17 0 16 16 
7 20 1 19 0 18 0 17 16 
6 19 1 18 0 17 0 16 16 
6 19 1 18 0 17 0 16 16 
7 20 1 19 0 18 0 17 16 
6 20 1 19 0 18 0 17 16 
6 19 1 18 0 17 0 16 16 
6 20 1 19 0 18 0 17 16 
SCORES_TXT_END_0
SCORES_TXT_BEGIN_0 12 100 9 BLEU
1 7 0 6 0 5 0 4 6 
1 7 0 6 0 5 0 4 6 
1 7 0 6 0 5 0 4 6 
1 7 0 6 0 5 0 4 6 
0 6 0 5 0 4 0 3 6 
0 6 0 5 0 4 0 3 6 
0 7 0 6 0 5 0 4 6 
0 7 0 6 0 5 0 4 6 
1 7 0 6 0 5 0 4 6 
0 7 0 6 0 5 0 4 6 
0 7 0 6 0 5 0 4 6 
0 7 0 6 0 5 0 4 6 
1 7 0 6 0 5 0 4 6 
1 7 0 6 0 5 0 4 6 
0 7 0 6 0 5 0 4 6 
0 6 0 5 0 4 0 3 6 
1 7 0 6 0 5 0 4 6 
1 7 0 6 0 5 0 4 6 
2 7 0 6 0 5 0 4 6 
1 7 0 6 0 5 0 4 6 
0 7 0 6 0 5 0 4 6 
0 6 0 5 0 4 0 3 6 
0 6 0 5 0 4 0 3 6 
1 7 0 6 0 5 0 4 6 
2 7 0 6 0 5 0 4 6 
1 7 0 6 0 5 0 4 6 
1 7 0 6 0 5 0 4 6 
1 7 0 6 0 5 0 4 6 
0 7 0 6 0 5 0 4 6 
1 7 0 6 0 5 0 4 6 
1 7 0 6 0 5 0 4 6 
0 6 0 5 0 4 0 3 6 
0 6 0 5 0 4 0 3 6 
1 7 0 6 0 5 0 4 6 
0 6 0 5 0 4 0 3 6 
1 7 0 6 0 5 0 4 6 
1 6 0 5 0 4 0 3 6 
1 7 0 6 0 5 0 4 6 
1 7 0 6 0 5 0 4 6 
0 6 0 5 0 4 0 3 6 
1 7 0 6 0 5 0 4 6 
1 7 0 6 0 5 0 4 6 
1 7 0 6 0 5 0 4 6 
1 7 0 6 0 5 0 4 6 
1 7 0 6 0 5 0 4 6 
0 6 0 5 0 4 0 3 6 
1 7 0 6 0 5 0 4 6 
1 7 0 6 0 5 0 4 6 
1 7 0 6 0 5 0 4 6 
1 8 0 7 0 6 0 5 6 
1 9 0 8 0 7 0 6 6 
1 7 0 6 0 5 0 4 6 
1 7 0 6 0 5 0 4 6 
1 7 0 6 0 5 0 4 6 
0 6 0 5 0 4 0 3 6 
1 7 0 6 0 5 0 4 6 
1 7 0 6 0 5 0 4 6 
0 7 0 6 0 5 0 4 6 
0 7 0 6 0 5 0 4 6 
1 7 0 6 0 5 0 4 6 
1 7 0 6 0 5 0 4 6 
1 7 0 6 0 5 0 4 6 
1 7 0 6 0 5 0 4 6 
1 8 0 7 0 6 0 5 6 
1 7 0 6 0 5 0 4 6 
0 6 0 5 0 4 0 3 6 
0 6 0 5 0 4 0 3 6 
1 7 0 6 0 5 0 4 6 
0 7 0 6 0 5 0 4 6 
0 6 0 5 0 4 0 3 6 
0 6 0 5 0 4 0 3 6 
0 6 0 5 0 4 0 3 6 
0 6 0 5 0 4 0 3 6 
0 7 0 6 0 5 0 4 6 
0 7 0 6 0 5 0 4 6 
0 6 0 5 0 4 0 3 6 
0 6 0 5 0 4 0 3 6 
2 7 0 6 0 5 0 4 6 
0 7 0 6 0 5 0 4 6 
1 7 0 6 0 5 0 4 6 
0 7 0 6 0 5 0 4 6 
0 7 0 6 0 5 0 4 6 
1 7 0 6 0 5 0 4 6 
1 7 0 6 0 5 0 4 6 
1 7 0 6 0 5 0 4 6 
1 7 0 6 0 5 0 4 6 
1 8 0 7 0 6 0 5 6 
1 9 0 8 0 7 0 6 6 
1 7 0 6 0 5 0 4 6 
1 7 0 6 0 5 0 4 6 
1 7 0 6 0 5 0 4 6 
0 7 0 6 0 5 0 4 6 
1 7 0 6 0 5 0 4 6 
0 7 0 6 0 5 0 4 6 
0 7 0 6 0 5 0 4 6 
0 7 0 6 0 5 0 4 6 
1 7 0 6 0 5 0 4 6 
1 7 0 6 0 5 0 4 6 
1 8 0 7 0 6 0 5 6 
1 7 0 6 0 5 0 4 6 
SCORES_TXT_END_0
SCORES_TXT_BEGIN_0 13 100 9 BLEU
5 10 3 9 2 8 1 7 9 
5 10 3 9 2 8 1 7 9 
5 10 3 9 2 8 1 7 9 
5 10 3 9 2 8 1 7 9 
4 10 2 9 1 8 0 7 9 
5 10 3 9 2 8 1 7 9 
5 10 3 9 2 8 1 7 9 
5 10 3 9 2 8 1 7 9 
5 10 3 9 2 8 1 7 9 
4 10 2 9 1 8 0 7 9 
5 10 3 9 2 8 1 7 9 
4 10 2 9 1 8 0 7 9 
5 10 3 9 2 8 1 7 9 
5 10 3 9 2 8 1 7 9 
5 10 3 9 2 8 1 7 9 
5 10 3 9 2 8 1 7 9 
4 10 2 9 1 8 0 7 9 
4 10 2 9 1 8 0 7 9 
4 10 2 9 1 8 0 7 9 
5 10 3 9 2 8 1 7 9 
5 10 3 9 2 8 1 7 9 
5 10 3 9 2 8 1 7 9 
5 10 3 9 2 8 1 7 9 
5 10 3 9 2 8 1 7 9 
4 10 2 9 1 8 0 7 9 
4 10 2 9 1 8 0 7 9 
4 10 2 9 1 8 0 7 9 
4 10 2 9 1 8 0 7 9 
4 10 2 9 1 8 0 7 9 
4 10 2 9 1 8 0 7 9 
5 10 3 9 2 8 1 7 9 
5 10 3 9 2 8 1 7 9 
5 10 3 9 2 8 1 7 9 
4 10 2 9 1 8 0 7 9 
4 10 2 9 1 8 0 7 9 
5 10 3 9 2 8 1 7 9 
4 10 2 9 1 8 0 7 9 
4 10 2 9 1 8 0 7 9 
4 10 2 9 1 8 0 7 9 
4 10 2 9 1 8 0 7 9 
5 10 3 9 2 8 1 7 9 
5 10 3 9 2 8 1 7 9 
4 10 2 9 1 8 0 7 9 
4 10 2 9 1 8 0 7 9 
4 10 2 9 1 8 0 7 9 
4 10 2 9 1 8 0 7 9 
4 10 2 9 1 8 0 7 9 
5 10 3 9 2 8 1 7 9 
4 10 2 9 1 8 0 7 9 
5 10 3 9 2 8 1 7 9 
5 10 3 9 2 8 1 7 9 
5 10 3 9 2 8 1 7 9 
5 10 3 9 2 8 1 7 9 
5 10 3 9 2 8 1 7 9 
5 10 3 9 2 8 1 7 9 
5 10 3 9 2 8 1 7 9 
5 10 3 9 2 8 1 7 9 
4 10 2 9 1 8 0 7 9 
5 10 3 9 2 8 1 7 9 
5 10 3 9 2 8 1 7 9 
5 10 3 9 2 8 1 7 9 
5 10 3 9 2 8 1 7 9 
4 10 2 9 1 8 0 7 9 
5 10 3 9 2 8 1 7 9 
5 10 3 9 2 8 1 7 9 
5 10 3 9 2 8 1 7 9 
4 10 2 9 1 8 0 7 9 
5 10 3 9 2 8 1 7 9 
4 10 2 9 1 8 0 7 9 
4 10 2 9 1 8 0 7 9 
5 10 3 9 2 8 1 7 9 
4 10 2 9 1 8 0 7 9 
5 10 3 9 2 8 1 7 9 
5 10 3 9 2 8 1 7 9 
4 10 2 9 1 8 0 7 9 
5 10 3 9 2 8 1 7 9 
5 10 3 9 2 8 1 7 9 
4 10 2 9 1 8 0 7 9 
4 10 2 9 1 8 0 7 9 
4 10 2 9 1 8 0 7 9 
5 10 3 9 2 8 1 7 9 
4 10 2 9 1 8 0 7 9 
5 10 3 9 2 8 1 7 9 
4 10 2 9 1 8 0 7 9 
4 10 2 9 1 8 0 7 9 
5 10 3 9 2 8 1 7 9 
5 10 3 9 2 8 1 7 9 
5 10 3 9 2 8 1 7 9 
5 10 3 9 2 8 1 7 9 
5 10 3 9 2 8 1 7 9 
5 10 3 9 2 8 1 7 9 
4 10 2 9 1 8 0 7 9 
5 10 3 9 2 8 1 7 9 
5 10 3 9 2 8 1 7 9 
4 10 2 9 1 8 0 7 9 
4 10 2 9 1 8 0 7 9 
5 10 3 9 2 8 1 7 9 
5 10 3 9 2 8 1 7 9 
4 10 2 9 1 8 0 7 9 
5 10 3 9 2 8 1 7 9 
SCORES_TXT_END_0
SCORES_TXT_BEGIN_0 14 100 9 BLEU
2 7 0 6 0 5 0 4 8 
2 7 0 6 0 5 0 4 8 
4 8 1 7 0 6 0 5 8 
4 8 1 7 0 6 0 5 8 
3 8 0 7 0 6 0 5 8 
3 8 0 7 0 6 0 5 8 
2 8 0 7 0 6 0 5 8 
2 7 0 6 0 5 0 4 8 
4 9 1 8 0 7 0 6 8 
4 8 1 7 0 6 0 5 8 
3 9 0 8 0 7 0 6 8 
3 8 0 7 0 6 0 5 8 
2 7 1 6 0 5 0 4 8 
1 7 0 6 0 5 0 4 8 
1 7 0 6 0 5 0 4 8 
3 8 1 7 0 6 0 5 8 
4 8 2 7 0 6 0 5 8 
3 8 1 7 0 6 0 5 8 
2 7 1 6 0 5 0 4 8 
2 7 1 6 0 5 0 4 8 
2 8 0 7 0 6 0 5 8 
2 8 0 7 0 6 0 5 8 
3 8 1 7 0 6 0 5 8 
2 8 0 7 0 6 0 5 8 
2 7 0 6 0 5 0 4 8 
3 8 0 7 0 6 0 5 8 
4 9 1 8 0 7 0 6 8 
2 7 0 6 0 5 0 4 8 
4 8 2 7 0 6 0 5 8 
3 8 0 7 0 6 0 5 8 
4 8 1 7 0 6 0 5 8 
2 7 0 6 0 5 0 4 8 
4 8 2 7 0 6 0 5 8 
3 9 0 8 0 7 0 6 8 
3 8 1 7 0 6 0 5 8 
2 7 1 6 0 5 0 4 8 
3 8 0 7 0 6 0 5 8 
2 8 0 7 0 6 0 5 8 
3 8 1 7 0 6 0 5 8 
2 8 0 7 0 6 0 5 8 
4 8 2 7 0 6 0 5 8 
4 8 2 7 0 6 0 5 8 
2 7 1 6 0 5 0 4 8 
2 7 1 6 0 5 0 4 8 
3 8 1 7 0 6 0 5 8 
3 8 0 7 0 6 0 5 8 
2 7 1 6 0 5 0 4 8 
1 8 0 7 0 6 0 5 8 
3 8 1 7 0 6 0 5 8 
3 8 0 7 0 6 0 5 8 
2 7 1 6 0 5 0 4 8 
4 8 3 7 2 6 1 5 8 
2 7 1 6 0 5 0 4 8 
1 7 0 6 0 5 0 4 8 
3 9 1 8 0 7 0 6 8 
4 8 3 7 2 6 1 5 8 
2 7 1 6 0 5 0 4 8 
3 8 1 7 0 6 0 5 8 
4 8 1 7 0 6 0 5 8 
2 7 1 6 0 5 0 4 8 
4 8 2 7 0 6 0 5 8 
4 8 1 7 0 6 0 5 8 
3 8 1 7 0 6 0 5 8 
3 8 2 7 1 6 0 5 8 
2 9 0 8 0 7 0 6 8 
2 7 1 6 0 5 0 4 8 
3 8 2 7 1 6 0 5 8 
4 8 0 7 0 6 0 5 8 
2 8 0 7 0 6 0 5 8 
3 8 1 7 0 6 0 5 8 
4 8 0 7 0 6 0 5 8 
3 9 0 8 0 7 0 6 8 
2 8 0 7 0 6 0 5 8 
3 8 0 7 0 6 0 5 8 
3 8 1 7 0 6 0 5 8 
2 7 0 6 0 5 0 4 8 
4 8 2 7 0 6 0 5 8 
2 7 0 6 0 5 0 4 8 
3 8 1 7 0 6 0 5 8 
4 9 1 8 0 7 0 6 8 
2 7 1 6 0 5 0 4 8 
2 8 0 7 0 6 0 5 8 
4 8 1 7 0 6 0 5 8 
2 7 1 6 0 5 0 4 8 
3 8 0 7 0 6 0 5 8 
3 8 1 7 0 6 0 5 8 
3 8 0 7 0 6 0 5 8 
2 9 0 8 0 7 0 6 8 
4 8 2 7 0 6 0 5 8 
3 8 1 7 0 6 0 5 8 
2 8 0 7 0 6 0 5 8 
4 8 2 7 0 6 0 5 8 
3 9 0 8 0 7 0 6 8 
2 7 1 6 0 5 0 4 8 
2 7 1 6 0 5 0 4 8 
3 8 0 7 0 6 0 5 8 
1 8 0 7 0 6 0 5 8 
2 8 0 7 0 6 0 5 8 
4 8 2 7 0 6 0 5 8 
2 8 0 7 0 6 0 5 8 
SCORES_TXT_END_0
SCORES_TXT_BEGIN_0 15 100 9 BLEU
3 5 2 4 1 3 0 2 5 
3 5 2 4 1 3 0 2 5 
3 5 2 4 1 3 0 2 5 
3 5 2 4 1 3 0 2 5 
2 5 0 4 0 3 0 2 5 
2 5 0 4 0 3 0 2 5 
2 5 0 4 0 3 0 2 5 
3 6 1 5 0 4 0 3 5 
3 6 1 5 0 4 0 3 5 
2 5 0 4 0 3 0 2 5 
2 5 1 4 0 3 0 2 5 
2 6 0 5 0 4 0 3 5 
3 5 1 4 0 3 0 2 5 
2 5 1 4 0 3 0 2 5 
2 4 0 3 0 2 0 1 5 
3 5 1 4 0 3 0 2 5 
3 5 1 4 0 3 0 2 5 
3 6 1 5 0 4 0 3 5 
2 6 0 5 0 4 0 3 5 
2 4 0 3 0 2 0 1 5 
2 5 0 4 0 3 0 2 5 
3 5 1 4 0 3 0 2 5 
3 6 1 5 0 4 0 3 5 
3 6 1 5 0 4 0 3 5 
2 5 0 4 0 3 0 2 5 
2 5 0 4 0 3 0 2 5 
3 6 1 5 0 4 0 3 5 
3 6 1 5 0 4 0 3 5 
2 5 1 4 0 3 0 2 5 
2 6 0 5 0 4 0 3 5 
2 5 1 4 0 3 0 2 5 
2 5 0 4 0 3 0 2 5 
2 6 0 5 0 4 0 3 5 
1 5 0 4 0 3 0 2 5 
2 5 0 4 0 3 0 2 5 
3 6 1 5 0 4 0 3 5 
3 6 2 5 1 4 0 3 5 
2 6 0 5 0 4 0 3 5 
3 5 0 4 0 3 0 2 5 
2 5 0 4 0 3 0 2 5 
2 5 1 4 0 3 0 2 5 
3 5 1 4 0 3 0 2 5 
2 5 1 4 0 3 0 2 5 
1 5 0 4 0 3 0 2 5 
2 4 0 3 0 2 0 1 5 
2 5 0 4 0 3 0 2 5 
2 6 0 5 0 4 0 3 5 
3 6 2 5 1 4 0 3 5 
3 7 1 6 0 5 0 4 5 
3 5 1 4 0 3 0 2 5 
2 6 0 5 0 4 0 3 5 
2 5 0 4 0 3 0 2 5 
3 5 0 4 0 3 0 2 5 
3 5 1 4 0 3 0 2 5 
1 5 0 4 0 3 0 2 5 
2 6 0 5 0 4 0 3 5 
3 5 2 4 1 3 0 2 5 
3 5 1 4 0 3 0 2 5 
3 5 2 4 1 3 0 2 5 
3 6 1 5 0 4 0 3 5 
2 4 0 3 0 2 0 1 5 
2 5 0 4 0 3 0 2 5 
2 6 0 5 0 4 0 3 5 
2 5 0 4 0 3 0 2 5 
2 5 0 4 0 3 0 2 5 
2 6 0 5 0 4 0 3 5 
3 5 1 4 0 3 0 2 5 
3 5 1 4 0 3 0 2 5 
3 6 1 5 0 4 0 3 5 
1 5 0 4 0 3 0 2 5 
3 6 0 5 0 4 0 3 5 
2 6 0 5 0 4 0 3 5 
3 6 1 5 0 4 0 3 5 
3 6 1 5 0 4 0 3 5 
2 5 0 4 0 3 0 2 5 
2 5 0 4 0 3 0 2 5 
3 5 2 4 1 3 0 2 5 
2 6 0 5 0 4 0 3 5 
3 5 2 4 1 3 0 2 5 
3 7 0 6 0 5 0 4 5 
1 5 0 4 0 3 0 2 5 
2 5 0 4 0 3 0 2 5 
2 5 0 4 0 3 0 2 5 
2 5 1 4 0 3 0 2 5 
2 6 0 5 0 4 0 3 5 
2 5 0 4 0 3 0 2 5 
3 6 1 5 0 4 0 3 5 
2 6 0 5 0 4 0 3 5 
2 7 0 6 0 5 0 4 5 
2 6 0 5 0 4 0 3 5 
3 6 1 5 0 4 0 3 5 
1 6 0 5 0 4 0 3 5 
2 6 0 5 0 4 0 3 5 
2 6 0 5 0 4 0 3 5 
3 7 1 6 0 5 0 4 5 
2 6 0 5 0 4 0 3 5 
3 6 1 5 0 4 0 3 5 
2 5 0 4 0 3 0 2 5 
2 6 0 5 0 4 0 3 5 
2 5 0 4 0 3 0 2 5 
SCORES_TXT_END_0
SCORES_TXT_BEGIN_0 16 100 9 BLEU
2 9 0 8 0 7 0 6 7 
2 9 0 8 0 7 0 6 7 
2 9 0 8 0 7 0 6 7 
2 9 0 8 0 7 0 6 7 
2 9 0 8 0 7 0 6 7 
2 9 0 8 0 7 0 6 7 
2 9 0 8 0 7 0 6 7 
2 9 0 8 0 7 0 6 7 
2 9 0 8 0 7 0 6 7 
2 9 0 8 0 7 0 6 7 
2 9 0 8 0 7 0 6 7 
2 9 0 8 0 7 0 6 7 
2 9 0 8 0 7 0 6 7 
2 9 0 8 0 7 0 6 7 
2 9 0 8 0 7 0 6 7 
2 9 0 8 0 7 0 6 7 
2 9 0 8 0 7 0 6 7 
2 9 0 8 0 7 0 6 7 
2 9 0 8 0 7 0 6 7 
2 9 0 8 0 7 0 6 7 
2 9 0 8 0 7 0 6 7 
2 9 0 8 0 7 0 6 7 
2 9 0 8 0 7 0 6 7 
2 9 0 8 0 7 0 6 7 
2 9 0 8 0 7 0 6 7 
2 9 0 8 0 7 0 6 7 
2 9 0 8 0 7 0 6 7 
2 9 0 8 0 7 0 6 7 
2 9 0 8 0 7 0 6 7 
2 9 0 8 0 7 0 6 7 
2 9 0 8 0 7 0 6 7 
2 9 0 8 0 7 0 6 7 
2 9 0 8 0 7 0 6 7 
2 9 0 8 0 7 0 6 7 
2 9 0 8 0 7 0 6 7 
2 9 0 8 0 7 0 6 7 
2 9 0 8 0 7 0 6 7 
2 9 0 8 0 7 0 6 7 
2 9 0 8 0 7 0 6 7 
2 9 0 8 0 7 0 6 7 
2 9 0 8 0 7 0 6 7 
2 9 0 8 0 7 0 6 7 
2 9 0 8 0 7 0 6 7 
2 9 0 8 0 7 0 6 7 
2 9 0 8 0 7 0 6 7 
2 9 0 8 0 7 0 6 7 
2 9 0 8 0 7 0 6 7 
2 9 0 8 0 7 0 6 7 
2 9 0 8 0 7 0 6 7 
2 9 0 8 0 7 0 6 7 
2 9 0 8 0 7 0 6 7 
2 9 0 8 0 7 0 6 7 
2 9 0 8 0 7 0 6 7 
2 9 0 8 0 7 0 6 7 
2 9 0 8 0 7 0 6 7 
2 10 0 9 0 8 0 7 7 
2 9 0 8 0 7 0 6 7 
2 9 0 8 0 7 0 6 7 
2 9 0 8 0 7 0 6 7 
2 9 0 8 0 7 0 6 7 
2 9 0 8 0 7 0 6 7 
2 9 0 8 0 7 0 6 7 
2 9 0 8 0 7 0 6 7 
2 9 0 8 0 7 0 6 7 
2 9 0 8 0 7 0 6 7 
2 9 0 8 0 7 0 6 7 
2 9 0 8 0 7 0 6 7 
2 9 0 8 0 7 0 6 7 
2 9 0 8 0 7 0 6 7 
2 9 0 8 0 7 0 6 7 
2 9 0 8 0 7 0 6 7 
2 9 0 8 0 7 0 6 7 
2 9 0 8 0 7 0 6 7 
2 9 0 8 0 7 0 6 7 
2 9 0 8 0 7 0 6 7 
2 9 0 8 0 7 0 6 7 
2 9 0 8 0 7 0 6 7 
2 9 0 8 0 7 0 6 7 
2 9 0 8 0 7 0 6 7 
2 9 0 8 0 7 0 6 7 
2 9 0 8 0 7 0 6 7 
2 9 0 8 0 7 0 6 7 
2 9 0 8 0 7 0 6 7 
2 9 0 8 0 7 0 6 7 
2 9 0 8 0 7 0 6 7 
2 9 0 8 0 7 0 6 7 
2 9 0 8 0 7 0 6 7 
2 9 0 8 0 7 0 6 7 
2 9 0 8 0 7 0 6 7 
2 9 0 8 0 7 0 6 7 
2 9 0 8 0 7 0 6 7 
2 9 0 8 0 7 0 6 7 
2 9 0 8 0 7 0 6 7 
2 9 0 8 0 7 0 6 7 
2 9 0 8 0 7 0 6 7 
2 9 0 8 0 7 0 6 7 
2 9 0 8 0 7 0 6 7 
2 10 0 9 0 8 0 7 7 
2 9 0 8 0 7 0 6 7 
2 9 0 8 0 7 0 6 7 
SCORES_TXT_END_0
SCORES_TXT_BEGIN_0 17 100 9 BLEU
5 15 2 14 1 13 0 12 16 
5 15 2 14 1 13 0 12 16 
6 15 2 14 1 13 0 12 16 
6 15 2 14 1 13 0 12 16 
5 15 2 14 1 13 0 12 16 
5 15 2 14 1 13 0 12 16 
5 15 2 14 1 13 0 12 16 
6 15 2 14 1 13 0 12 16 
6 15 2 14 1 13 0 12 16 
6 15 2 14 1 13 0 12 16 
5 15 2 14 1 13 0 12 16 
5 15 2 14 1 13 0 12 16 
5 15 2 14 1 13 0 12 16 
6 15 2 14 1 13 0 12 16 
5 15 2 14 1 13 0 12 16 
5 15 2 14 1 13 0 12 16 
6 15 2 14 1 13 0 12 16 
6 15 2 14 1 13 0 12 16 
4 15 2 14 1 13 0 12 16 
4 15 2 14 1 13 0 12 16 
5 15 2 14 1 13 0 12 16 
5 16 2 15 1 14 0 13 16 
5 16 2 15 1 14 0 13 16 
6 15 2 14 1 13 0 12 16 
6 15 2 14 1 13 0 12 16 
5 15 2 14 1 13 0 12 16 
5 15 2 14 1 13 0 12 16 
5 15 2 14 1 13 0 12 16 
5 15 1 14 0 13 0 12 16 
5 15 2 14 1 13 0 12 16 
5 17 2 16 1 15 0 14 16 
5 15 2 14 1 13 0 12 16 
5 17 2 16 1 15 0 14 16 
6 15 2 14 1 13 0 12 16 
4 15 2 14 1 13 0 12 16 
4 15 2 14 1 13 0 12 16 
4 15 2 14 1 13 0 12 16 
5 15 1 14 0 13 0 12 16 
5 15 2 14 1 13 0 12 16 
5 15 2 14 1 13 0 12 16 
6 16 2 15 1 14 0 13 16 
6 16 2 15 1 14 0 13 16 
5 16 2 15 1 14 0 13 16 
5 15 2 14 1 13 0 12 16 
5 15 2 14 1 13 0 12 16 
6 15 2 14 1 13 0 12 16 
6 15 2 14 1 13 0 12 16 
6 15 2 14 1 13 0 12 16 
6 15 1 14 0 13 0 12 16 
4 15 2 14 1 13 0 12 16 
6 17 2 16 1 15 0 14 16 
4 15 2 14 1 13 0 12 16 
6 17 2 16 1 15 0 14 16 
5 15 2 14 1 13 0 12 16 
5 15 2 14 1 13 0 12 16 
5 15 2 14 1 13 0 12 16 
5 15 2 14 1 13 0 12 16 
5 17 2 16 1 15 0 14 16 
5 15 1 14 0 13 0 12 16 
5 15 2 14 1 13 0 12 16 
5 15 2 14 1 13 0 12 16 
5 17 2 16 1 15 0 14 16 
5 15 2 14 1 13 0 12 16 
6 15 1 14 0 13 0 12 16 
5 17 2 16 1 15 0 14 16 
5 15 2 14 1 13 0 12 16 
5 15 2 14 1 13 0 12 16 
5 15 2 14 1 13 0 12 16 
4 15 2 14 1 13 0 12 16 
5 15 2 14 1 13 0 12 16 
5 16 2 15 1 14 0 13 16 
5 15 2 14 1 13 0 12 16 
5 16 2 15 1 14 0 13 16 
6 15 2 14 1 13 0 12 16 
6 15 2 14 1 13 0 12 16 
5 15 2 14 1 13 0 12 16 
6 16 2 15 1 14 0 13 16 
5 17 2 16 1 15 0 14 16 
5 17 2 16 1 15 0 14 16 
4 15 2 14 1 13 0 12 16 
5 15 2 14 1 13 0 12 16 
4 15 2 14 1 13 0 12 16 
5 15 2 14 1 13 0 12 16 
5 15 2 14 1 13 0 12 16 
5 15 2 14 1 13 0 12 16 
5 15 2 14 1 13 0 12 16 
5 15 2 14 1 13 0 12 16 
5 15 2 14 1 13 0 12 16 
6 15 2 14 1 13 0 12 16 
6 15 2 14 1 13 0 12 16 
6 15 2 14 1 13 0 12 16 
5 15 2 14 1 13 0 12 16 
5 15 2 14 1 13 0 12 16 
4 15 2 14 1 13 0 12 16 
5 15 2 14 1 13 0 12 16 
6 17 2 16 1 15 0 14 16 
5 15 2 14 1 13 0 12 16 
5 15 2 14 1 13 0 12 16 
5 15 2 14 1 13 0 12 16 
6 15 1 14 0 13 0 12 16 
SCORES_TXT_END_0
SCORES_TXT_BEGIN_0 18 100 9 BLEU
2 9 0 8 0 7 0 6 9 
2 9 0 8 0 7 0 6 9 
2 9 0 8 0 7 0 6 9 
2 9 0 8 0 7 0 6 9 
2 9 0 8 0 7 0 6 9 
2 9 0 8 0 7 0 6 9 
2 9 0 8 0 7 0 6 9 
2 9 0 8 0 7 0 6 9 
2 9 0 8 0 7 0 6 9 
2 9 0 8 0 7 0 6 9 
2 9 0 8 0 7 0 6 9 
2 9 0 8 0 7 0 6 9 
2 9 0 8 0 7 0 6 9 
2 9 0 8 0 7 0 6 9 
2 9 0 8 0 7 0 6 9 
2 9 0 8 0 7 0 6 9 
2 9 0 8 0 7 0 6 9 
2 9 0 8 0 7 0 6 9 
2 9 0 8 0 7 0 6 9 
3 10 0 9 0 8 0 7 9 
2 9 0 8 0 7 0 6 9 
2 9 0 8 0 7 0 6 9 
3 10 0 9 0 8 0 7 9 
2 9 0 8 0 7 0 6 9 
2 9 0 8 0 7 0 6 9 
2 9 0 8 0 7 0 6 9 
2 10 0 9 0 8 0 7 9 
2 9 0 8 0 7 0 6 9 
2 9 0 8 0 7 0 6 9 
2 9 0 8 0 7 0 6 9 
2 10 0 9 0 8 0 7 9 
2 9 0 8 0 7 0 6 9 
3 10 0 9 0 8 0 7 9 
2 9 0 8 0 7 0 6 9 
2 9 0 8 0 7 0 6 9 
2 9 0 8 0 7 0 6 9 
2 9 0 8 0 7 0 6 9 
2 9 0 8 0 7 0 6 9 
2 9 0 8 0 7 0 6 9 
3 10 0 9 0 8 0 7 9 
2 9 0 8 0 7 0 6 9 
2 9 0 8 0 7 0 6 9 
2 9 0 8 0 7 0 6 9 
2 9 0 8 0 7 0 6 9 
2 9 0 8 0 7 0 6 9 
2 9 0 8 0 7 0 6 9 
2 9 0 8 0 7 0 6 9 
2 9 0 8 0 7 0 6 9 
2 9 0 8 0 7 0 6 9 
2 10 0 9 0 8 0 7 9 
2 9 0 8 0 7 0 6 9 
2 9 0 8 0 7 0 6 9 
2 9 0 8 0 7 0 6 9 
2 10 0 9 0 8 0 7 9 
2 9 0 8 0 7 0 6 9 
2 9 0 8 0 7 0 6 9 
3 10 0 9 0 8 0 7 9 
2 9 0 8 0 7 0 6 9 
2 9 0 8 0 7 0 6 9 
2 9 0 8 0 7 0 6 9 
2 9 0 8 0 7 0 6 9 
2 9 0 8 0 7 0 6 9 
2 9 0 8 0 7 0 6 9 
2 9 0 8 0 7 0 6 9 
3 10 0 9 0 8 0 7 9 
2 9 0 8 0 7 0 6 9 
2 9 0 8 0 7 0 6 9 
2 9 0 8 0 7 0 6 9 
2 9 0 8 0 7 0 6 9 
2 9 0 8 0 7 0 6 9 
2 9 0 8 0 7 0 6 9 
2 9 0 8 0 7 0 6 9 
2 9 0 8 0 7 0 6 9 
2 9 0 8 0 7 0 6 9 
2 9 0 8 0 7 0 6 9 
2 9 0 8 0 7 0 6 9 
2 9 0 8 0 7 0 6 9 
2 9 0 8 0 7 0 6 9 
2 9 0 8 0 7 0 6 9 
2 9 0 8 0 7 0 6 9 
2 9 0 8 0 7 0 6 9 
2 9 0 8 0 7 0 6 9 
2 9 0 8 0 7 0 6 9 
2 9 0 8 0 7 0 6 9 
3 10 0 9 0 8 0 7 9 
2 9 0 8 0 7 0 6 9 
2 9 0 8 0 7 0 6 9 
2 9 0 8 0 7 0 6 9 
2 9 0 8 0 7 0 6 9 
2 9 0 8 0 7 0 6 9 
2 9 0 8 0 7 0 6 9 
3 10 0 9 0 8 0 7 9 
2 9 0 8 0 7 0 6 9 
2 9 0 8 0 7 0 6 9 
2 9 0 8 0 7 0 6 9 
2 9 0 8 0 7 0 6 9 
2 9 0 8 0 7 0 6 9 
2 9 0 8 0 7 0 6 9 
2 9 0 8 0 7 0 6 9 
2 9 0 8 0 7 0 6 9 
SCORES_TXT_END_0
SCORES_TXT_BEGIN_0 19 91 9 BLEU
2 11 0 10 0 9 0 8 11 
2 11 0 10 0 9 0 8 11 
2 11 0 10 0 9 0 8 11 
2 11 0 10 0 9 0 8 11 
2 11 0 10 0 9 0 8 11 
2 11 0 10 0 9 0 8 11 
2 11 0 10 0 9 0 8 11 
2 11 0 10 0 9 0 8 11 
2 11 0 10 0 9 0 8 11 
3 12 0 11 0 10 0 9 11 
2 11 0 10 0 9 0 8 11 
2 11 0 10 0 9 0 8 11 
2 11 0 10 0 9 0 8 11 
2 11 0 10 0 9 0 8 11 
2 11 0 10 0 9 0 8 11 
2 11 0 10 0 9 0 8 11 
2 11 0 10 0 9 0 8 11 
2 11 0 10 0 9 0 8 11 
2 11 0 10 0 9 0 8 11 
2 11 0 10 0 9 0 8 11 
2 11 0 10 0 9 0 8 11 
2 11 0 10 0 9 0 8 11 
2 11 0 10 0 9 0 8 11 
2 11 0 10 0 9 0 8 11 
2 11 0 10 0 9 0 8 11 
2 11 0 10 0 9 0 8 11 
2 11 0 10 0 9 0 8 11 
2 11 0 10 0 9 0 8 11 
2 11 0 10 0 9 0 8 11 
2 11 0 10 0 9 0 8 11 
2 11 0 10 0 9 0 8 11 
2 11 0 10 0 9 0 8 11 
2 11 0 10 0 9 0 8 11 
2 11 0 10 0 9 0 8 11 
2 11 0 10 0 9 0 8 11 
2 11 0 10 0 9 0 8 11 
2 11 0 10 0 9 0 8 11 
2 11 0 10 0 9 0 8 11 
2 11 0 10 0 9 0 8 11 
2 11 0 10 0 9 0 8 11 
2 11 0 10 0 9 0 8 11 
2 11 0 10 0 9 0 8 11 
2 11 0 10 0 9 0 8 11 
2 11 0 10 0 9 0 8 11 
2 11 0 10 0 9 0 8 11 
2 11 0 10 0 9 0 8 11 
2 11 0 10 0 9 0 8 11 
2 11 0 10 0 9 0 8 11 
2 11 0 10 0 9 0 8 11 
2 11 0 10 0 9 0 8 11 
2 11 0 10 0 9 0 8 11 
2 11 0 10 0 9 0 8 11 
2 11 0 10 0 9 0 8 11 
2 11 0 10 0 9 0 8 11 
2 11 0 10 0 9 0 8 11 
2 11 0 10 0 9 0 8 11 
2 11 0 10 0 9 0 8 11 
2 11 0 10 0 9 0 8 11 
2 11 0 10 0 9 0 8 11 
2 11 0 10 0 9 0 8 11 
2 11 0 10 0 9 0 8 11 
2 11 0 10 0 9 0 8 11 
2 11 0 10 0 9 0 8 11 
2 11 0 10 0 9 0 8 11 
2 11 0 10 0 9 0 8 11 
2 11 0 10 0 9 0 8 11 
2 11 0 10 0 9 0 8 11 
2 11 0 10 0 9 0 8 11 
2 11 0 10 0 9 0 8 11 
2 11 0 10 0 9 0 8 11 
2 11 0 10 0 9 0 8 11 
2 12 0 11 0 10 0 9 11 
2 11 0 10 0 9 0 8 11 
2 11 0 10 0 9 0 8 11 
2 11 0 10 0 9 0 8 11 
2 11 0 10 0 9 0 8 11 
2 11 0 10 0 9 0 8 11 
2 11 0 10 0 9 0 8 11 
2 11 0 10 0 9 0 8 11 
2 11 0 10 0 9 0 8 11 
2 11 0 10 0 9 0 8 11 
2 11 0 10 0 9 0 8 11 
3 12 0 11 0 10 0 9 11 
2 11 0 10 0 9 0 8 11 
3 12 0 11 0 10 0 9 11 
2 11 0 10 0 9 0 8 11 
2 11 0 10 0 9 0 8 11 
2 11 0 10 0 9 0 8 11 
2 11 0 10 0 9 0 8 11 
3 12 0 11 0 10 0 9 11 
2 11 0 10 0 9 0 8 11 
SCORES_TXT_END_0
SCORES_TXT_BEGIN_0 20 81 9 BLEU
2 11 1 10 0 9 0 8 11 
2 11 1 10 0 9 0 8 11 
2 11 1 10 0 9 0 8 11 
4 12 2 11 0 10 0 9 11 
2 11 1 10 0 9 0 8 11 
4 12 2 11 0 10 0 9 11 
2 11 1 10 0 9 0 8 11 
4 12 2 11 0 10 0 9 11 
2 11 1 10 0 9 0 8 11 
2 11 1 10 0 9 0 8 11 
3 12 1 11 0 10 0 9 11 
2 11 1 10 0 9 0 8 11 
2 11 1 10 0 9 0 8 11 
3 12 1 11 0 10 0 9 11 
2 11 1 10 0 9 0 8 11 
2 11 1 10 0 9 0 8 11 
2 11 1 10 0 9 0 8 11 
2 11 1 10 0 9 0 8 11 
2 11 1 10 0 9 0 8 11 
4 12 2 11 0 10 0 9 11 
2 11 1 10 0 9 0 8 11 
2 11 1 10 0 9 0 8 11 
4 12 2 11 0 10 0 9 11 
4 12 2 11 0 10 0 9 11 
2 11 1 10 0 9 0 8 11 
2 11 1 10 0 9 0 8 11 
2 11 1 10 0 9 0 8 11 
3 11 1 10 0 9 0 8 11 
2 11 1 10 0 9 0 8 11 
2 11 1 10 0 9 0 8 11 
3 12 1 11 0 10 0 9 11 
4 12 2 11 0 10 0 9 11 
2 11 1 10 0 9 0 8 11 
3 12 1 11 0 10 0 9 11 
2 11 1 10 0 9 0 8 11 
2 11 1 10 0 9 0 8 11 
4 12 2 11 0 10 0 9 11 
4 12 2 11 0 10 0 9 11 
2 11 1 10 0 9 0 8 11 
5 13 2 12 0 11 0 10 11 
3 12 1 11 0 10 0 9 11 
4 12 2 11 0 10 0 9 11 
3 11 1 10 0 9 0 8 11 
2 11 1 10 0 9 0 8 11 
4 12 2 11 0 10 0 9 11 
3 12 1 11 0 10 0 9 11 
4 12 2 11 0 10 0 9 11 
2 11 1 10 0 9 0 8 11 
2 11 1 10 0 9 0 8 11 
4 12 2 11 0 10 0 9 11 
3 12 1 11 0 10 0 9 11 
2 9 1 8 0 7 0 6 11 
2 11 1 10 0 9 0 8 11 
2 11 1 10 0 9 0 8 11 
4 12 2 11 0 10 0 9 11 
2 11 1 10 0 9 0 8 11 
5 13 2 12 0 11 0 10 11 
2 11 1 10 0 9 0 8 11 
3 12 1 11 0 10 0 9 11 
3 12 1 11 0 10 0 9 11 
4 12 2 11 0 10 0 9 11 
4 12 2 11 0 10 0 9 11 
4 12 2 11 0 10 0 9 11 
3 12 1 11 0 10 0 9 11 
2 11 1 10 0 9 0 8 11 
2 11 1 10 0 9 0 8 11 
4 12 2 11 0 10 0 9 11 
4 12 2 11 0 10 0 9 11 
2 11 1 10 0 9 0 8 11 
2 11 1 10 0 9 0 8 11 
3 11 1 10 0 9 0 8 11 
2 11 1 10 0 9 0 8 11 
2 11 1 10 0 9 0 8 11 
3 12 1 11 0 10 0 9 11 
2 9 1 8 0 7 0 6 11 
2 11 1 10 0 9 0 8 11 
2 11 1 10 0 9 0 8 11 
4 12 2 11 0 10 0 9 11 
2 11 1 10 0 9 0 8 11 
2 11 1 10 0 9 0 8 11 
4 12 2 11 0 10 0 9 11 
SCORES_TXT_END_0
SCORES_TXT_BEGIN_0 21 100 9 BLEU
0 5 0 4 0 3 0 2 4 
0 5 0 4 0 3 0 2 4 
0 5 0 4 0 3 0 2 4 
0 5 0 4 0 3 0 2 4 
0 5 0 4 0 3 0 2 4 
1 5 0 4 0 3 0 2 4 
1 5 0 4 0 3 0 2 4 
0 5 0 4 0 3 0 2 4 
0 5 0 4 0 3 0 2 4 
1 5 0 4 0 3 0 2 4 
0 5 0 4 0 3 0 2 4 
0 5 0 4 0 3 0 2 4 
0 5 0 4 0 3 0 2 4 
1 5 0 4 0 3 0 2 4 
1 5 0 4 0 3 0 2 4 
0 5 0 4 0 3 0 2 4 
0 5 0 4 0 3 0 2 4 
0 5 0 4 0 3 0 2 4 
1 5 0 4 0 3 0 2 4 
0 5 0 4 0 3 0 2 4 
0 5 0 4 0 3 0 2 4 
0 5 0 4 0 3 0 2 4 
0 5 0 4 0 3 0 2 4 
0 5 0 4 0 3 0 2 4 
0 5 0 4 0 3 0 2 4 
1 5 0 4 0 3 0 2 4 
1 5 0 4 0 3 0 2 4 
1 5 0 4 0 3 0 2 4 
0 5 0 4 0 3 0 2 4 
0 5 0 4 0 3 0 2 4 
1 5 0 4 0 3 0 2 4 
1 5 0 4 0 3 0 2 4 
1 5 0 4 0 3 0 2 4 
0 5 0 4 0 3 0 2 4 
0 5 0 4 0 3 0 2 4 
0 5 0 4 0 3 0 2 4 
1 5 0 4 0 3 0 2 4 
1 5 0 4 0 3 0 2 4 
1 5 0 4 0 3 0 2 4 
0 5 0 4 0 3 0 2 4 
0 5 0 4 0 3 0 2 4 
1 5 0 4 0 3 0 2 4 
1 5 0 4 0 3 0 2 4 
0 5 0 4 0 3 0 2 4 
0 5 0 4 0 3 0 2 4 
1 5 0 4 0 3 0 2 4 
1 5 0 4 0 3 0 2 4 
1 5 0 4 0 3 0 2 4 
0 5 0 4 0 3 0 2 4 
0 5 0 4 0 3 0 2 4 
0 5 0 4 0 3 0 2 4 
0 5 0 4 0 3 0 2 4 
1 5 0 4 0 3 0 2 4 
0 5 0 4 0 3 0 2 4 
0 5 0 4 0 3 0 2 4 
1 5 0 4 0 3 0 2 4 
0 5 0 4 0 3 0 2 4 
0 6 0 5 0 4 0 3 4 
0 5 0 4 0 3 0 2 4 
0 6 0 5 0 4 0 3 4 
1 5 0 4 0 3 0 2 4 
1 5 0 4 0 3 0 2 4 
1 5 0 4 0 3 0 2 4 
0 5 0 4 0 3 0 2 4 
1 5 0 4 0 3 0 2 4 
0 5 0 4 0 3 0 2 4 
1 6 0 5 0 4 0 3 4 
1 6 0 5 0 4 0 3 4 
0 5 0 4 0 3 0 2 4 
1 6 0 5 0 4 0 3 4 
0 5 0 4 0 3 0 2 4 
1 6 0 5 0 4 0 3 4 
1 5 0 4 0 3 0 2 4 
0 6 0 5 0 4 0 3 4 
1 5 0 4 0 3 0 2 4 
0 5 0 4 0 3 0 2 4 
1 5 0 4 0 3 0 2 4 
1 5 0 4 0 3 0 2 4 
0 6 0 5 0 4 0 3 4 
0 5 0 4 0 3 0 2 4 
1 6 0 5 0 4 0 3 4 
1 6 0 5 0 4 0 3 4 
0 5 0 4 0 3 0 2 4 
0 5 0 4 0 3 0 2 4 
0 5 0 4 0 3 0 2 4 
1 5 0 4 0 3 0 2 4 
0 5 0 4 0 3 0 2 4 
0 5 0 4 0 3 0 2 4 
0 5 0 4 0 3 0 2 4 
0 6 0 5 0 4 0 3 4 
0 6 0 5 0 4 0 3 4 
0 5 0 4 0 3 0 2 4 
0 5 0 4 0 3 0 2 4 
0 5 0 4 0 3 0 2 4 
0 6 0 5 0 4 0 3 4 
0 5 0 4 0 3 0 2 4 
0 6 0 5 0 4 0 3 4 
0 5 0 4 0 3 0 2 4 
1 5 0 4 0 3 0 2 4 
1 5 0 4 0 3 0 2 4 
SCORES_TXT_END_0
SCORES_TXT_BEGIN_0 22 100 9 BLEU
0 5 0 4 0 3 0 2 4 
0 5 0 4 0 3 0 2 4 
0 5 0 4 0 3 0 2 4 
0 5 0 4 0 3 0 2 4 
0 5 0 4 0 3 0 2 4 
1 5 0 4 0 3 0 2 4 
1 5 0 4 0 3 0 2 4 
0 5 0 4 0 3 0 2 4 
0 5 0 4 0 3 0 2 4 
1 5 0 4 0 3 0 2 4 
0 5 0 4 0 3 0 2 4 
0 5 0 4 0 3 0 2 4 
0 5 0 4 0 3 0 2 4 
1 5 0 4 0 3 0 2 4 
1 5 0 4 0 3 0 2 4 
0 5 0 4 0 3 0 2 4 
0 5 0 4 0 3 0 2 4 
0 5 0 4 0 3 0 2 4 
1 5 0 4 0 3 0 2 4 
0 5 0 4 0 3 0 2 4 
0 5 0 4 0 3 0 2 4 
0 5 0 4 0 3 0 2 4 
0 5 0 4 0 3 0 2 4 
0 5 0 4 0 3 0 2 4 
0 5 0 4 0 3 0 2 4 
1 5 0 4 0 3 0 2 4 
1 5 0 4 0 3 0 2 4 
1 5 0 4 0 3 0 2 4 
0 5 0 4 0 3 0 2 4 
0 5 0 4 0 3 0 2 4 
1 5 0 4 0 3 0 2 4 
1 5 0 4 0 3 0 2 4 
1 5 0 4 0 3 0 2 4 
0 5 0 4 0 3 0 2 4 
0 5 0 4 0 3 0 2 4 
0 5 0 4 0 3 0 2 4 
1 5 0 4 0 3 0 2 4 
1 5 0 4 0 3 0 2 4 
1 5 0 4 0 3 0 2 4 
0 5 0 4 0 3 0 2 4 
0 5 0 4 0 3 0 2 4 
1 5 0 4 0 3 0 2 4 
1 5 0 4 0 3 0 2 4 
0 5 0 4 0 3 0 2 4 
0 5 0 4 0 3 0 2 4 
1 5 0 4 0 3 0 2 4 
1 5 0 4 0 3 0 2 4 
1 5 0 4 0 3 0 2 4 
0 5 0 4 0 3 0 2 4 
0 5 0 4 0 3 0 2 4 
0 5 0 4 0 3 0 2 4 
0 5 0 4 0 3 0 2 4 
1 5 0 4 0 3 0 2 4 
0 5 0 4 0 3 0 2 4 
0 5 0 4 0 3 0 2 4 
1 5 0 4 0 3 0 2 4 
0 5 0 4 0 3 0 2 4 
0 6 0 5 0 4 0 3 4 
0 5 0 4 0 3 0 2 4 
0 6 0 5 0 4 0 3 4 
1 5 0 4 0 3 0 2 4 
1 5 0 4 0 3 0 2 4 
1 5 0 4 0 3 0 2 4 
0 5 0 4 0 3 0 2 4 
1 5 0 4 0 3 0 2 4 
0 5 0 4 0 3 0 2 4 
1 6 0 5 0 4 0 3 4 
1 6 0 5 0 4 0 3 4 
0 5 0 4 0 3 0 2 4 
1 6 0 5 0 4 0 3 4 
0 5 0 4 0 3 0 2 4 
1 6 0 5 0 4 0 3 4 
1 5 0 4 0 3 0 2 4 
0 6 0 5 0 4 0 3 4 
1 5 0 4 0 3 0 2 4 
0 5 0 4 0 3 0 2 4 
1 5 0 4 0 3 0 2 4 
1 5 0 4 0 3 0 2 4 
0 6 0 5 0 4 0 3 4 
0 5 0 4 0 3 0 2 4 
1 6 0 5 0 4 0 3 4 
1 6 0 5 0 4 0 3 4 
0 5 0 4 0 3 0 2 4 
0 5 0 4 0 3 0 2 4 
0 5 0 4 0 3 0 2 4 
1 5 0 4 0 3 0 2 4 
0 5 0 4 0 3 0 2 4 
0 5 0 4 0 3 0 2 4 
0 5 0 4 0 3 0 2 4 
0 6 0 5 0 4 0 3 4 
0 6 0 5 0 4 0 3 4 
0 5 0 4 0 3 0 2 4 
0 5 0 4 0 3 0 2 4 
0 5 0 4 0 3 0 2 4 
0 6 0 5 0 4 0 3 4 
0 5 0 4 0 3 0 2 4 
0 6 0 5 0 4 0 3 4 
0 5 0 4 0 3 0 2 4 
1 5 0 4 0 3 0 2 4 
1 5 0 4 0 3 0 2 4 
SCORES_TXT_END_0
SCORES_TXT_BEGIN_0 23 100 9 BLEU
4 8 1 7 0 6 0 5 6 
4 8 1 7 0 6 0 5 6 
4 8 1 7 0 6 0 5 6 
4 8 1 7 0 6 0 5 6 
4 8 1 7 0 6 0 5 6 
4 8 1 7 0 6 0 5 6 
4 8 1 7 0 6 0 5 6 
3 8 1 7 0 6 0 5 6 
4 8 1 7 0 6 0 5 6 
4 8 1 7 0 6 0 5 6 
4 8 1 7 0 6 0 5 6 
3 8 1 7 0 6 0 5 6 
4 8 1 7 0 6 0 5 6 
3 8 0 7 0 6 0 5 6 
4 8 1 7 0 6 0 5 6 
3 8 0 7 0 6 0 5 6 
4 8 1 7 0 6 0 5 6 
4 8 1 7 0 6 0 5 6 
4 8 1 7 0 6 0 5 6 
3 8 0 7 0 6 0 5 6 
3 8 0 7 0 6 0 5 6 
4 8 1 7 0 6 0 5 6 
4 8 1 7 0 6 0 5 6 
3 8 0 7 0 6 0 5 6 
4 8 1 7 0 6 0 5 6 
4 8 1 7 0 6 0 5 6 
3 8 0 7 0 6 0 5 6 
3 8 1 7 0 6 0 5 6 
3 8 0 7 0 6 0 5 6 
3 8 1 7 0 6 0 5 6 
3 8 0 7 0 6 0 5 6 
4 8 1 7 0 6 0 5 6 
3 8 1 7 0 6 0 5 6 
3 8 1 7 0 6 0 5 6 
4 8 1 7 0 6 0 5 6 
3 8 1 7 0 6 0 5 6 
3 8 0 7 0 6 0 5 6 
4 8 1 7 0 6 0 5 6 
4 8 1 7 0 6 0 5 6 
3 8 0 7 0 6 0 5 6 
3 8 0 7 0 6 0 5 6 
4 8 1 7 0 6 0 5 6 
4 8 1 7 0 6 0 5 6 
3 8 1 7 0 6 0 5 6 
3 8 0 7 0 6 0 5 6 
3 8 1 7 0 6 0 5 6 
3 8 0 7 0 6 0 5 6 
4 8 1 7 0 6 0 5 6 
3 8 1 7 0 6 0 5 6 
4 8 1 7 0 6 0 5 6 
4 8 1 7 0 6 0 5 6 
4 8 1 7 0 6 0 5 6 
3 8 0 7 0 6 0 5 6 
3 8 0 7 0 6 0 5 6 
4 8 1 7 0 6 0 5 6 
3 8 0 7 0 6 0 5 6 
3 8 1 7 0 6 0 5 6 
3 8 1 7 0 6 0 5 6 
2 8 0 7 0 6 0 5 6 
2 8 0 7 0 6 0 5 6 
3 8 1 7 0 6 0 5 6 
3 8 0 7 0 6 0 5 6 
3 8 1 7 0 6 0 5 6 
4 8 1 7 0 6 0 5 6 
4 8 1 7 0 6 0 5 6 
4 8 1 7 0 6 0 5 6 
3 8 0 7 0 6 0 5 6 
3 8 0 7 0 6 0 5 6 
4 8 1 7 0 6 0 5 6 
3 8 0 7 0 6 0 5 6 
3 8 0 7 0 6 0 5 6 
2 8 0 7 0 6 0 5 6 
4 8 1 7 0 6 0 5 6 
3 8 0 7 0 6 0 5 6 
2 8 0 7 0 6 0 5 6 
3 8 1 7 0 6 0 5 6 
3 8 0 7 0 6 0 5 6 
3 8 1 7 0 6 0 5 6 
3 8 0 7 0 6 0 5 6 
3 8 1 7 0 6 0 5 6 
4 8 1 7 0 6 0 5 6 
4 8 1 7 0 6 0 5 6 
3 8 0 7 0 6 0 5 6 
3 8 0 7 0 6 0 5 6 
4 8 1 7 0 6 0 5 6 
3 8 0 7 0 6 0 5 6 
4 8 1 7 0 6 0 5 6 
3 8 0 7 0 6 0 5 6 
4 8 1 7 0 6 0 5 6 
4 8 1 7 0 6 0 5 6 
3 8 0 7 0 6 0 5 6 
4 8 1 7 0 6 0 5 6 
3 8 1 7 0 6 0 5 6 
4 8 1 7 0 6 0 5 6 
3 8 1 7 0 6 0 5 6 
3 8 0 7 0 6 0 5 6 
3 8 1 7 0 6 0 5 6 
2 8 0 7 0 6 0 5 6 
3 8 0 7 0 6 0 5 6 
4 8 1 7 0 6 0 5 6 
SCORES_TXT_END_0
SCORES_TXT_BEGIN_0 24 100 9 BLEU
7 10 4 9 2 8 1 7 11 
6 9 3 8 2 7 1 6 11 
7 10 4 9 2 8 1 7 11 
6 10 3 9 1 8 0 7 11 
5 9 2 8 1 7 0 6 11 
6 11 3 10 1 9 0 8 11 
5 10 2 9 1 8 0 7 11 
6 9 3 8 2 7 1 6 11 
7 10 4 9 2 8 1 7 11 
6 10 3 9 1 8 0 7 11 
6 11 3 10 1 9 0 8 11 
5 10 2 9 1 8 0 7 11 
6 10 3 9 2 8 1 7 11 
6 11 3 10 1 9 0 8 11 
5 11 2 10 0 9 0 8 11 
4 10 1 9 0 8 0 7 11 
5 9 2 8 1 7 0 6 11 
7 10 4 9 2 8 1 7 11 
6 10 3 9 1 8 0 7 11 
7 10 2 9 0 8 0 7 11 
6 9 1 8 0 7 0 6 11 
7 9 4 8 2 7 1 6 11 
5 10 2 9 1 8 0 7 11 
6 11 3 10 1 9 0 8 11 
6 11 3 10 1 9 0 8 11 
5 11 2 10 0 9 0 8 11 
4 10 1 9 0 8 0 7 11 
6 10 3 9 2 8 1 7 11 
6 10 3 9 2 8 1 7 11 
5 10 2 9 1 8 0 7 11 
5 11 2 10 0 9 0 8 11 
6 10 3 9 1 8 0 7 11 
5 10 2 9 1 8 0 7 11 
6 11 2 10 1 9 0 8 11 
7 10 2 9 0 8 0 7 11 
6 11 3 10 1 9 0 8 11 
7 10 3 9 2 8 1 7 11 
7 10 3 9 2 8 1 7 11 
6 9 3 8 1 7 0 6 11 
6 10 3 9 2 8 1 7 11 
8 10 5 9 3 8 1 7 11 
4 10 1 9 0 8 0 7 11 
6 11 3 10 1 9 0 8 11 
5 11 2 10 0 9 0 8 11 
6 11 2 10 0 9 0 8 11 
5 11 2 10 0 9 0 8 11 
5 10 1 9 0 8 0 7 11 
7 10 3 9 2 8 1 7 11 
5 10 2 9 1 8 0 7 11 
7 10 3 9 2 8 1 7 11 
7 11 3 10 1 9 0 8 11 
5 10 2 9 1 8 0 7 11 
6 10 2 9 1 8 0 7 11 
6 10 3 9 1 8 0 7 11 
7 9 3 8 2 7 1 6 11 
6 10 3 9 2 8 1 7 11 
5 11 2 10 1 9 0 8 11 
6 9 1 8 0 7 0 6 11 
8 10 5 9 3 8 1 7 11 
6 9 3 8 2 7 1 6 11 
7 10 3 9 2 8 1 7 11 
7 10 3 9 2 8 1 7 11 
6 9 3 8 2 7 1 6 11 
7 10 2 9 0 8 0 7 11 
7 9 4 8 2 7 1 6 11 
7 10 3 9 2 8 1 7 11 
7 10 3 9 2 8 1 7 11 
6 11 2 10 1 9 0 8 11 
6 11 3 10 2 9 1 8 11 
5 11 2 10 1 9 0 8 11 
4 10 1 9 0 8 0 7 11 
5 11 1 10 0 9 0 8 11 
6 11 3 10 1 9 0 8 11 
6 10 3 9 1 8 0 7 11 
5 9 2 8 1 7 0 6 11 
5 11 2 10 0 9 0 8 11 
6 10 2 9 0 8 0 7 11 
6 10 2 9 1 8 0 7 11 
6 10 2 9 1 8 0 7 11 
5 9 1 8 0 7 0 6 11 
6 10 3 9 2 8 1 7 11 
6 9 3 8 2 7 1 6 11 
6 9 1 8 0 7 0 6 11 
6 10 3 9 2 8 1 7 11 
5 10 2 9 1 8 0 7 11 
6 10 3 9 1 8 0 7 11 
7 10 4 9 2 8 0 7 11 
6 11 2 10 0 9 0 8 11 
6 10 1 9 0 8 0 7 11 
5 11 2 10 0 9 0 8 11 
6 9 3 8 2 7 1 6 11 
7 11 3 10 1 9 0 8 11 
6 10 2 9 1 8 0 7 11 
6 9 2 8 1 7 0 6 11 
6 9 3 8 2 7 1 6 11 
6 10 2 9 1 8 0 7 11 
6 11 2 10 1 9 0 8 11 
6 10 3 9 2 8 1 7 11 
6 11 2 10 1 9 0 8 11 
5 11 2 10 1 9 0 8 11 
SCORES_TXT_END_0
SCORES_TXT_BEGIN_0 25 100 9 BLEU
3 9 0 8 0 7 0 6 10 
3 9 0 8 0 7 0 6 10 
3 8 0 7 0 6 0 5 10 
3 9 0 8 0 7 0 6 10 
3 8 0 7 0 6 0 5 10 
3 9 0 8 0 7 0 6 10 
4 9 1 8 0 7 0 6 10 
2 9 0 8 0 7 0 6 10 
4 8 1 7 0 6 0 5 10 
4 9 1 8 0 7 0 6 10 
4 9 1 8 0 7 0 6 10 
2 9 0 8 0 7 0 6 10 
2 8 0 7 0 6 0 5 10 
2 9 0 8 0 7 0 6 10 
4 9 1 8 0 7 0 6 10 
4 8 1 7 0 6 0 5 10 
4 9 1 8 0 7 0 6 10 
2 8 0 7 0 6 0 5 10 
2 9 0 8 0 7 0 6 10 
4 9 1 8 0 7 0 6 10 
4 8 1 7 0 6 0 5 10 
4 9 1 8 0 7 0 6 10 
3 9 1 8 0 7 0 6 10 
4 8 1 7 0 6 0 5 10 
4 9 1 8 0 7 0 6 10 
3 9 0 8 0 7 0 6 10 
3 8 1 7 0 6 0 5 10 
3 9 1 8 0 7 0 6 10 
3 9 1 8 0 7 0 6 10 
5 9 2 8 0 7 0 6 10 
3 9 0 8 0 7 0 6 10 
2 9 0 8 0 7 0 6 10 
3 9 0 8 0 7 0 6 10 
3 8 0 7 0 6 0 5 10 
3 9 0 8 0 7 0 6 10 
2 9 0 8 0 7 0 6 10 
3 9 0 8 0 7 0 6 10 
3 8 1 7 0 6 0 5 10 
5 8 2 7 0 6 0 5 10 
3 9 0 8 0 7 0 6 10 
3 9 1 8 0 7 0 6 10 
5 9 2 8 0 7 0 6 10 
5 9 2 8 0 7 0 6 10 
3 8 0 7 0 6 0 5 10 
3 9 0 8 0 7 0 6 10 
3 10 0 9 0 8 0 7 10 
3 8 0 7 0 6 0 5 10 
3 9 0 8 0 7 0 6 10 
3 9 0 8 0 7 0 6 10 
4 9 1 8 0 7 0 6 10 
3 10 0 9 0 8 0 7 10 
3 8 0 7 0 6 0 5 10 
5 8 2 7 0 6 0 5 10 
2 9 0 8 0 7 0 6 10 
3 9 0 8 0 7 0 6 10 
5 9 2 8 0 7 0 6 10 
2 9 0 8 0 7 0 6 10 
3 9 1 8 0 7 0 6 10 
4 9 1 8 0 7 0 6 10 
2 9 0 8 0 7 0 6 10 
4 8 1 7 0 6 0 5 10 
2 9 0 8 0 7 0 6 10 
4 9 1 8 0 7 0 6 10 
4 9 1 8 0 7 0 6 10 
3 9 0 8 0 7 0 6 10 
4 9 1 8 0 7 0 6 10 
3 10 0 9 0 8 0 7 10 
2 8 0 7 0 6 0 5 10 
2 9 0 8 0 7 0 6 10 
3 9 1 8 0 7 0 6 10 
3 9 0 8 0 7 0 6 10 
4 10 1 9 0 8 0 7 10 
4 8 1 7 0 6 0 5 10 
4 9 1 8 0 7 0 6 10 
4 9 1 8 0 7 0 6 10 
3 9 0 8 0 7 0 6 10 
2 9 0 8 0 7 0 6 10 
3 10 0 9 0 8 0 7 10 
2 8 0 7 0 6 0 5 10 
4 8 1 7 0 6 0 5 10 
2 9 0 8 0 7 0 6 10 
4 9 1 8 0 7 0 6 10 
4 9 1 8 0 7 0 6 10 
3 10 0 9 0 8 0 7 10 
3 9 0 8 0 7 0 6 10 
3 9 0 8 0 7 0 6 10 
3 9 1 8 0 7 0 6 10 
3 9 1 8 0 7 0 6 10 
2 9 0 8 0 7 0 6 10 
3 9 1 8 0 7 0 6 10 
4 10 1 9 0 8 0 7 10 
4 8 1 7 0 6 0 5 10 
4 9 1 8 0 7 0 6 10 
3 10 0 9 0 8 0 7 10 
3 9 0 8 0 7 0 6 10 
3 9 1 8 0 7 0 6 10 
4 9 1 8 0 7 0 6 10 
3 9 0 8 0 7 0 6 10 
2 9 0 8 0 7 0 6 10 
4 10 1 9 0 8 0 7 10 
SCORES_TXT_END_0
SCORES_TXT_BEGIN_0 26 100 9 BLEU
6 12 4 11 2 10 0 9 10 
6 12 4 11 2 10 0 9 10 
6 12 4 11 2 10 0 9 10 
6 12 4 11 2 10 0 9 10 
7 12 6 11 5 10 4 9 10 
7 12 6 11 5 10 4 9 10 
7 12 6 11 5 10 4 9 10 
7 12 6 11 5 10 4 9 10 
5 12 3 11 1 10 0 9 10 
5 12 3 11 1 10 0 9 10 
6 12 4 11 2 10 0 9 10 
6 12 5 11 4 10 3 9 10 
6 12 4 11 2 10 0 9 10 
6 12 5 11 4 10 3 9 10 
6 12 4 11 2 10 0 9 10 
6 12 4 11 2 10 0 9 10 
5 12 3 11 1 10 0 9 10 
5 12 3 11 1 10 0 9 10 
6 12 4 11 2 10 0 9 10 
6 12 4 11 2 10 0 9 10 
6 12 4 11 2 10 0 9 10 
6 12 4 11 2 10 0 9 10 
6 13 4 12 2 11 0 10 10 
6 12 4 11 2 10 0 9 10 
6 12 4 11 2 10 0 9 10 
6 12 5 11 4 10 3 9 10 
6 13 4 12 2 11 0 10 10 
6 12 4 11 2 10 0 9 10 
6 12 4 11 2 10 0 9 10 
6 12 5 11 4 10 3 9 10 
6 12 4 11 2 10 0 9 10 
6 13 4 12 2 11 0 10 10 
6 12 3 11 1 10 0 9 10 
6 12 4 11 2 10 0 9 10 
6 13 3 12 1 11 0 10 10 
6 13 4 12 2 11 0 10 10 
7 12 6 11 5 10 4 9 10 
6 13 4 12 2 11 0 10 10 
7 12 6 11 5 10 4 9 10 
6 12 3 11 1 10 0 9 10 
6 13 3 12 1 11 0 10 10 
6 13 4 12 2 11 0 10 10 
7 12 6 11 5 10 4 9 10 
7 12 6 11 5 10 4 9 10 
6 13 4 12 2 11 0 10 10 
6 13 4 12 2 11 0 10 10 
6 12 4 11 2 10 0 9 10 
6 13 4 12 2 11 0 10 10 
7 12 6 11 5 10 4 9 10 
6 12 4 11 2 10 0 9 10 
7 12 5 11 3 10 1 9 10 
6 13 4 12 2 11 0 10 10 
7 12 5 11 3 10 1 9 10 
6 12 4 11 2 10 0 9 10 
7 12 5 11 3 10 2 9 10 
7 12 6 11 5 10 4 9 10 
7 13 5 12 3 11 2 10 10 
7 13 6 12 5 11 4 10 10 
6 12 4 11 2 10 0 9 10 
6 13 4 12 2 11 0 10 10 
6 12 4 11 2 10 0 9 10 
6 12 4 11 2 10 0 9 10 
7 12 5 11 3 10 2 9 10 
7 13 5 12 3 11 2 10 10 
7 13 6 12 5 11 4 10 10 
6 12 4 11 2 10 0 9 10 
6 13 4 12 2 11 0 10 10 
6 12 3 11 1 10 0 9 10 
6 12 3 11 1 10 0 9 10 
6 12 4 11 2 10 0 9 10 
6 12 4 11 2 10 0 9 10 
6 12 4 11 2 10 0 9 10 
7 12 5 11 3 10 1 9 10 
6 12 4 11 2 10 0 9 10 
7 12 5 11 3 10 1 9 10 
6 12 4 11 2 10 0 9 10 
7 13 6 12 5 11 4 10 10 
7 12 6 11 5 10 4 9 10 
6 12 4 11 2 10 0 9 10 
6 12 4 11 2 10 0 9 10 
7 12 6 11 5 10 4 9 10 
6 12 4 11 2 10 0 9 10 
7 13 6 12 5 11 4 10 10 
7 12 6 11 5 10 4 9 10 
5 12 3 11 1 10 0 9 10 
7 12 6 11 5 10 4 9 10 
6 12 4 11 2 10 0 9 10 
7 12 4 11 2 10 1 9 10 
6 12 3 11 1 10 0 9 10 
6 12 3 11 1 10 0 9 10 
6 12 4 11 2 10 0 9 10 
7 12 6 11 5 10 4 9 10 
6 12 4 11 2 10 0 9 10 
6 12 4 11 2 10 0 9 10 
7 12 6 11 5 10 4 9 10 
7 12 4 11 2 10 1 9 10 
7 12 5 11 3 10 2 9 10 
7 12 5 11 3 10 2 9 10 
6 12 4 11 2 10 0 9 10 
7 12 6 11 5 10 4 9 10 
SCORES_TXT_END_0
SCORES_TXT_BEGIN_0 27 100 9 BLEU
1 8 0 7 0 6 0 5 6 
2 8 0 7 0 6 0 5 6 
1 8 0 7 0 6 0 5 6 
0 8 0 7 0 6 0 5 6 
1 8 0 7 0 6 0 5 6 
1 8 0 7 0 6 0 5 6 
1 8 0 7 0 6 0 5 6 
1 8 0 7 0 6 0 5 6 
0 8 0 7 0 6 0 5 6 
1 9 0 8 0 7 0 6 6 
1 8 0 7 0 6 0 5 6 
2 8 0 7 0 6 0 5 6 
1 8 0 7 0 6 0 5 6 
1 9 0 8 0 7 0 6 6 
1 8 0 7 0 6 0 5 6 
2 8 0 7 0 6 0 5 6 
1 8 0 7 0 6 0 5 6 
1 8 0 7 0 6 0 5 6 
2 9 0 8 0 7 0 6 6 
2 8 0 7 0 6 0 5 6 
1 8 0 7 0 6 0 5 6 
1 8 0 7 0 6 0 5 6 
1 8 0 7 0 6 0 5 6 
1 8 0 7 0 6 0 5 6 
1 8 0 7 0 6 0 5 6 
1 9 0 8 0 7 0 6 6 
1 8 0 7 0 6 0 5 6 
1 8 0 7 0 6 0 5 6 
1 8 0 7 0 6 0 5 6 
1 8 0 7 0 6 0 5 6 
1 8 0 7 0 6 0 5 6 
1 8 0 7 0 6 0 5 6 
0 8 0 7 0 6 0 5 6 
0 8 0 7 0 6 0 5 6 
2 8 0 7 0 6 0 5 6 
1 8 0 7 0 6 0 5 6 
2 8 0 7 0 6 0 5 6 
1 8 0 7 0 6 0 5 6 
0 8 0 7 0 6 0 5 6 
1 8 0 7 0 6 0 5 6 
2 8 0 7 0 6 0 5 6 
1 8 0 7 0 6 0 5 6 
2 8 0 7 0 6 0 5 6 
1 8 0 7 0 6 0 5 6 
1 8 0 7 0 6 0 5 6 
1 8 0 7 0 6 0 5 6 
0 9 0 8 0 7 0 6 6 
2 8 0 7 0 6 0 5 6 
1 8 0 7 0 6 0 5 6 
0 8 0 7 0 6 0 5 6 
2 8 0 7 0 6 0 5 6 
1 8 0 7 0 6 0 5 6 
1 8 0 7 0 6 0 5 6 
1 8 0 7 0 6 0 5 6 
1 8 0 7 0 6 0 5 6 
2 8 0 7 0 6 0 5 6 
2 8 0 7 0 6 0 5 6 
1 8 0 7 0 6 0 5 6 
1 8 0 7 0 6 0 5 6 
2 8 0 7 0 6 0 5 6 
0 8 0 7 0 6 0 5 6 
0 9 0 8 0 7 0 6 6 
1 8 0 7 0 6 0 5 6 
1 8 0 7 0 6 0 5 6 
2 8 0 7 0 6 0 5 6 
1 8 0 7 0 6 0 5 6 
1 8 0 7 0 6 0 5 6 
2 8 0 7 0 6 0 5 6 
1 9 0 8 0 7 0 6 6 
1 8 0 7 0 6 0 5 6 
1 8 0 7 0 6 0 5 6 
1 9 0 8 0 7 0 6 6 
1 9 0 8 0 7 0 6 6 
0 8 0 7 0 6 0 5 6 
1 8 0 7 0 6 0 5 6 
1 8 0 7 0 6 0 5 6 
1 8 0 7 0 6 0 5 6 
0 8 0 7 0 6 0 5 6 
0 8 0 7 0 6 0 5 6 
1 8 0 7 0 6 0 5 6 
1 9 0 8 0 7 0 6 6 
1 8 0 7 0 6 0 5 6 
1 8 0 7 0 6 0 5 6 
1 8 0 7 0 6 0 5 6 
1 9 0 8 0 7 0 6 6 
1 8 0 7 0 6 0 5 6 
1 8 0 7 0 6 0 5 6 
2 8 0 7 0 6 0 5 6 
1 8 0 7 0 6 0 5 6 
0 8 0 7 0 6 0 5 6 
1 8 0 7 0 6 0 5 6 
1 8 0 7 0 6 0 5 6 
1 9 0 8 0 7 0 6 6 
1 8 0 7 0 6 0 5 6 
2 9 0 8 0 7 0 6 6 
0 8 0 7 0 6 0 5 6 
2 8 0 7 0 6 0 5 6 
1 9 0 8 0 7 0 6 6 
1 8 0 7 0 6 0 5 6 
1 8 0 7 0 6 0 5 6 
SCORES_TXT_END_0
SCORES_TXT_BEGIN_0 28 98 9 BLEU
2 8 0 7 0 6 0 5 5 
2 8 0 7 0 6 0 5 5 
2 8 0 7 0 6 0 5 5 
2 8 0 7 0 6 0 5 5 
2 8 0 7 0 6 0 5 5 
2 8 0 7 0 6 0 5 5 
1 8 0 7 0 6 0 5 5 
1 8 0 7 0 6 0 5 5 
2 9 0 8 0 7 0 6 5 
2 9 0 8 0 7 0 6 5 
2 8 0 7 0 6 0 5 5 
2 8 0 7 0 6 0 5 5 
2 8 0 7 0 6 0 5 5 
2 8 0 7 0 6 0 5 5 
2 8 0 7 0 6 0 5 5 
2 8 0 7 0 6 0 5 5 
2 8 0 7 0 6 0 5 5 
2 8 0 7 0 6 0 5 5 
2 8 0 7 0 6 0 5 5 
2 9 0 8 0 7 0 6 5 
2 9 0 8 0 7 0 6 5 
2 9 0 8 0 7 0 6 5 
1 8 0 7 0 6 0 5 5 
1 8 0 7 0 6 0 5 5 
2 9 0 8 0 7 0 6 5 
2 9 0 8 0 7 0 6 5 
2 8 0 7 0 6 0 5 5 
2 8 0 7 0 6 0 5 5 
1 8 0 7 0 6 0 5 5 
1 8 0 7 0 6 0 5 5 
2 9 0 8 0 7 0 6 5 
2 9 0 8 0 7 0 6 5 
2 9 0 8 0 7 0 6 5 
2 9 0 8 0 7 0 6 5 
1 9 0 8 0 7 0 6 5 
1 9 0 8 0 7 0 6 5 
1 8 0 7 0 6 0 5 5 
1 8 0 7 0 6 0 5 5 
2 8 0 7 0 6 0 5 5 
2 8 0 7 0 6 0 5 5 
2 8 0 7 0 6 0 5 5 
2 9 0 8 0 7 0 6 5 
2 9 0 8 0 7 0 6 5 
2 8 0 7 0 6 0 5 5 
2 8 0 7 0 6 0 5 5 
2 8 0 7 0 6 0 5 5 
2 9 0 8 0 7 0 6 5 
2 9 0 8 0 7 0 6 5 
2 9 0 8 0 7 0 6 5 
2 9 0 8 0 7 0 6 5 
1 8 0 7 0 6 0 5 5 
1 8 0 7 0 6 0 5 5 
1 8 0 7 0 6 0 5 5 
1 8 0 7 0 6 0 5 5 
2 9 0 8 0 7 0 6 5 
2 9 0 8 0 7 0 6 5 
2 9 0 8 0 7 0 6 5 
2 8 0 7 0 6 0 5 5 
2 9 0 8 0 7 0 6 5 
2 8 0 7 0 6 0 5 5 
2 8 0 7 0 6 0 5 5 
2 8 0 7 0 6 0 5 5 
2 8 0 7 0 6 0 5 5 
2 8 0 7 0 6 0 5 5 
2 8 0 7 0 6 0 5 5 
2 9 0 8 0 7 0 6 5 
2 9 0 8 0 7 0 6 5 
2 8 0 7 0 6 0 5 5 
2 9 0 8 0 7 0 6 5 
2 9 0 8 0 7 0 6 5 
2 9 0 8 0 7 0 6 5 
2 9 0 8 0 7 0 6 5 
2 9 0 8 0 7 0 6 5 
2 9 0 8 0 7 0 6 5 
2 9 0 8 0 7 0 6 5 
2 9 0 8 0 7 0 6 5 
1 8 0 7 0 6 0 5 5 
1 8 0 7 0 6 0 5 5 
2 8 0 7 0 6 0 5 5 
1 8 0 7 0 6 0 5 5 
1 8 0 7 0 6 0 5 5 
2 8 0 7 0 6 0 5 5 
2 8 0 7 0 6 0 5 5 
1 8 0 7 0 6 0 5 5 
1 8 0 7 0 6 0 5 5 
1 8 0 7 0 6 0 5 5 
1 8 0 7 0 6 0 5 5 
2 9 0 8 0 7 0 6 5 
2 9 0 8 0 7 0 6 5 
2 9 0 8 0 7 0 6 5 
2 9 0 8 0 7 0 6 5 
1 9 0 8 0 7 0 6 5 
1 9 0 8 0 7 0 6 5 
2 9 0 8 0 7 0 6 5 
2 9 0 8 0 7 0 6 5 
1 9 0 8 0 7 0 6 5 
1 9 0 8 0 7 0 6 5 
2 9 0 8 0 7 0 6 5 
SCORES_TXT_END_0
SCORES_TXT_BEGIN_0 29 100 9 BLEU
4 8 2 7 0 6 0 5 8 
5 8 2 7 0 6 0 5 8 
3 8 1 7 0 6 0 5 8 
3 8 1 7 0 6 0 5 8 
4 8 2 7 0 6 0 5 8 
3 8 1 7 0 6 0 5 8 
4 8 2 7 0 6 0 5 8 
4 8 1 7 0 6 0 5 8 
3 8 1 7 0 6 0 5 8 
4 8 1 7 0 6 0 5 8 
3 8 1 7 0 6 0 5 8 
4 9 2 8 0 7 0 6 8 
4 8 2 7 0 6 0 5 8 
4 8 2 7 0 6 0 5 8 
4 8 2 7 0 6 0 5 8 
4 8 2 7 0 6 0 5 8 
4 9 2 8 0 7 0 6 8 
4 8 1 7 0 6 0 5 8 
5 8 2 7 0 6 0 5 8 
3 9 1 8 0 7 0 6 8 
4 8 2 7 0 6 0 5 8 
4 8 2 7 0 6 0 5 8 
3 8 1 7 0 6 0 5 8 
3 8 1 7 0 6 0 5 8 
3 8 1 7 0 6 0 5 8 
4 8 1 7 0 6 0 5 8 
3 8 1 7 0 6 0 5 8 
4 8 1 7 0 6 0 5 8 
3 8 1 7 0 6 0 5 8 
3 8 1 7 0 6 0 5 8 
4 8 2 7 0 6 0 5 8 
4 8 2 7 0 6 0 5 8 
4 8 2 7 0 6 0 5 8 
4 8 1 7 0 6 0 5 8 
3 9 1 8 0 7 0 6 8 
4 8 2 7 0 6 0 5 8 
3 8 1 7 0 6 0 5 8 
3 8 1 7 0 6 0 5 8 
4 8 1 7 0 6 0 5 8 
3 8 1 7 0 6 0 5 8 
3 8 1 7 0 6 0 5 8 
3 8 1 7 0 6 0 5 8 
3 8 1 7 0 6 0 5 8 
5 8 2 7 0 6 0 5 8 
3 8 1 7 0 6 0 5 8 
4 8 2 7 0 6 0 5 8 
4 8 2 7 0 6 0 5 8 
4 8 1 7 0 6 0 5 8 
3 8 1 7 0 6 0 5 8 
3 8 1 7 0 6 0 5 8 
3 9 1 8 0 7 0 6 8 
5 8 3 7 1 6 0 5 8 
4 8 2 7 0 6 0 5 8 
3 8 1 7 0 6 0 5 8 
5 8 2 7 0 6 0 5 8 
4 8 1 7 0 6 0 5 8 
5 8 2 7 0 6 0 5 8 
4 8 2 7 0 6 0 5 8 
3 8 1 7 0 6 0 5 8 
5 8 3 7 1 6 0 5 8 
5 8 2 7 0 6 0 5 8 
3 8 1 7 0 6 0 5 8 
4 9 2 8 0 7 0 6 8 
4 9 2 8 0 7 0 6 8 
3 8 1 7 0 6 0 5 8 
4 9 1 8 0 7 0 6 8 
5 9 2 8 0 7 0 6 8 
4 11 2 10 0 9 0 8 8 
3 9 1 8 0 7 0 6 8 
3 8 1 7 0 6 0 5 8 
3 8 1 7 0 6 0 5 8 
4 9 2 8 0 7 0 6 8 
3 8 1 7 0 6 0 5 8 
5 8 1 7 0 6 0 5 8 
4 8 2 7 0 6 0 5 8 
4 8 1 7 0 6 0 5 8 
5 8 2 7 0 6 0 5 8 
3 8 1 7 0 6 0 5 8 
4 9 1 8 0 7 0 6 8 
3 9 1 8 0 7 0 6 8 
4 8 2 7 0 6 0 5 8 
3 8 1 7 0 6 0 5 8 
4 8 1 7 0 6 0 5 8 
3 8 1 7 0 6 0 5 8 
4 8 1 7 0 6 0 5 8 
4 8 1 7 0 6 0 5 8 
3 8 1 7 0 6 0 5 8 
5 8 2 7 0 6 0 5 8 
4 8 1 7 0 6 0 5 8 
3 9 1 8 0 7 0 6 8 
3 8 1 7 0 6 0 5 8 
3 8 1 7 0 6 0 5 8 
4 8 1 7 0 6 0 5 8 
3 8 1 7 0 6 0 5 8 
4 8 2 7 0 6 0 5 8 
2 8 1 7 0 6 0 5 8 
4 8 2 7 0 6 0 5 8 
4 8 1 7 0 6 0 5 8 
5 8 1 7 0 6 0 5 8 
4 8 1 7 0 6 0 5 8 
SCORES_TXT_END_0
SCORES_TXT_BEGIN_0 30 97 9 BLEU
3 7 2 6 1 5 0 4 7 
3 7 2 6 1 5 0 4 7 
2 6 0 5 0 4 0 3 7 
2 7 1 6 0 5 0 4 7 
3 8 2 7 1 6 0 5 7 
3 8 2 7 1 6 0 5 7 
2 7 0 6 0 5 0 4 7 
1 7 0 6 0 5 0 4 7 
3 7 2 6 1 5 0 4 7 
3 7 2 6 1 5 0 4 7 
3 7 2 6 1 5 0 4 7 
2 6 0 5 0 4 0 3 7 
3 7 1 6 0 5 0 4 7 
1 7 0 6 0 5 0 4 7 
3 7 1 6 0 5 0 4 7 
3 7 2 6 1 5 0 4 7 
3 7 2 6 1 5 0 4 7 
3 7 2 6 1 5 0 4 7 
3 7 2 6 1 5 0 4 7 
2 6 0 5 0 4 0 3 7 
3 7 1 6 0 5 0 4 7 
3 7 1 6 0 5 0 4 7 
2 7 0 6 0 5 0 4 7 
2 6 0 5 0 4 0 3 7 
3 7 2 6 1 5 0 4 7 
3 7 2 6 1 5 0 4 7 
1 7 0 6 0 5 0 4 7 
2 7 1 6 0 5 0 4 7 
3 7 2 6 1 5 0 4 7 
3 7 1 6 0 5 0 4 7 
3 7 2 6 1 5 0 4 7 
3 7 2 6 1 5 0 4 7 
2 7 0 6 0 5 0 4 7 
2 6 0 5 0 4 0 3 7 
3 8 2 7 1 6 0 5 7 
3 7 2 6 1 5 0 4 7 
2 6 0 5 0 4 0 3 7 
3 7 2 6 1 5 0 4 7 
3 7 2 6 1 5 0 4 7 
3 7 2 6 1 5 0 4 7 
2 7 1 6 0 5 0 4 7 
3 7 2 6 1 5 0 4 7 
3 9 2 8 1 7 0 6 7 
2 7 0 6 0 5 0 4 7 
3 7 2 6 1 5 0 4 7 
2 6 0 5 0 4 0 3 7 
3 8 1 7 0 6 0 5 7 
2 8 0 7 0 6 0 5 7 
2 7 0 6 0 5 0 4 7 
3 7 1 6 0 5 0 4 7 
2 7 0 6 0 5 0 4 7 
3 8 2 7 1 6 0 5 7 
3 7 2 6 1 5 0 4 7 
2 6 0 5 0 4 0 3 7 
3 7 1 6 0 5 0 4 7 
2 6 0 5 0 4 0 3 7 
3 7 0 6 0 5 0 4 7 
3 7 2 6 1 5 0 4 7 
3 7 2 6 1 5 0 4 7 
2 7 1 6 0 5 0 4 7 
3 7 2 6 1 5 0 4 7 
3 7 2 6 1 5 0 4 7 
2 7 0 6 0 5 0 4 7 
3 8 1 7 0 6 0 5 7 
2 7 0 6 0 5 0 4 7 
3 7 2 6 1 5 0 4 7 
1 7 0 6 0 5 0 4 7 
3 8 1 7 0 6 0 5 7 
2 7 1 6 0 5 0 4 7 
3 7 2 6 1 5 0 4 7 
3 8 2 7 1 6 0 5 7 
3 7 2 6 1 5 0 4 7 
3 7 2 6 1 5 0 4 7 
3 8 1 7 0 6 0 5 7 
2 6 0 5 0 4 0 3 7 
2 6 0 5 0 4 0 3 7 
2 6 0 5 0 4 0 3 7 
2 7 1 6 0 5 0 4 7 
2 8 0 7 0 6 0 5 7 
3 7 2 6 1 5 0 4 7 
3 7 1 6 0 5 0 4 7 
2 7 1 6 0 5 0 4 7 
3 8 2 7 1 6 0 5 7 
2 7 1 6 0 5 0 4 7 
3 7 2 6 1 5 0 4 7 
3 8 1 7 0 6 0 5 7 
3 7 2 6 1 5 0 4 7 
3 8 1 7 0 6 0 5 7 
2 6 0 5 0 4 0 3 7 
2 7 1 6 0 5 0 4 7 
3 7 1 6 0 5 0 4 7 
3 8 2 7 1 6 0 5 7 
2 7 0 6 0 5 0 4 7 
3 8 2 7 1 6 0 5 7 
2 7 1 6 0 5 0 4 7 
2 7 0 6 0 5 0 4 7 
2 6 0 5 0 4 0 3 7 
SCORES_TXT_END_0
SCORES_TXT_BEGIN_0 31 100 9 BLEU
1 9 0 8 0 7 0 6 8 
1 10 0 9 0 8 0 7 8 
1 9 0 8 0 7 0 6 8 
1 10 0 9 0 8 0 7 8 
1 9 0 8 0 7 0 6 8 
1 10 0 9 0 8 0 7 8 
1 10 0 9 0 8 0 7 8 
1 10 0 9 0 8 0 7 8 
1 10 0 9 0 8 0 7 8 
1 9 0 8 0 7 0 6 8 
1 10 0 9 0 8 0 7 8 
1 10 0 9 0 8 0 7 8 
1 10 0 9 0 8 0 7 8 
1 9 0 8 0 7 0 6 8 
2 11 0 10 0 9 0 8 8 
1 9 0 8 0 7 0 6 8 
1 9 0 8 0 7 0 6 8 
1 10 0 9 0 8 0 7 8 
1 9 0 8 0 7 0 6 8 
1 10 0 9 0 8 0 7 8 
1 9 0 8 0 7 0 6 8 
1 11 0 10 0 9 0 8 8 
1 10 0 9 0 8 0 7 8 
2 11 0 10 0 9 0 8 8 
2 9 0 8 0 7 0 6 8 
2 10 0 9 0 8 0 7 8 
1 10 0 9 0 8 0 7 8 
1 10 0 9 0 8 0 7 8 
1 10 0 9 0 8 0 7 8 
1 10 0 9 0 8 0 7 8 
1 12 0 11 0 10 0 9 8 
1 10 0 9 0 8 0 7 8 
2 11 0 10 0 9 0 8 8 
2 9 0 8 0 7 0 6 8 
1 9 0 8 0 7 0 6 8 
1 10 0 9 0 8 0 7 8 
2 10 0 9 0 8 0 7 8 
1 11 0 10 0 9 0 8 8 
2 11 0 10 0 9 0 8 8 
1 10 0 9 0 8 0 7 8 
1 11 0 10 0 9 0 8 8 
2 10 0 9 0 8 0 7 8 
1 10 0 9 0 8 0 7 8 
2 11 0 10 0 9 0 8 8 
1 9 0 8 0 7 0 6 8 
2 10 0 9 0 8 0 7 8 
2 10 0 9 0 8 0 7 8 
1 9 0 8 0 7 0 6 8 
1 11 0 10 0 9 0 8 8 
1 9 0 8 0 7 0 6 8 
2 11 0 10 0 9 0 8 8 
1 10 0 9 0 8 0 7 8 
1 9 0 8 0 7 0 6 8 
1 9 0 8 0 7 0 6 8 
1 10 0 9 0 8 0 7 8 
2 10 0 9 0 8 0 7 8 
1 10 0 9 0 8 0 7 8 
2 11 0 10 0 9 0 8 8 
1 10 0 9 0 8 0 7 8 
1 11 0 10 0 9 0 8 8 
1 11 0 10 0 9 0 8 8 
2 11 0 10 0 9 0 8 8 
2 11 0 10 0 9 0 8 8 
1 9 0 8 0 7 0 6 8 
1 10 0 9 0 8 0 7 8 
1 9 0 8 0 7 0 6 8 
2 10 0 9 0 8 0 7 8 
2 9 0 8 0 7 0 6 8 
2 10 0 9 0 8 0 7 8 
1 10 0 9 0 8 0 7 8 
0 8 0 7 0 6 0 5 8 
1 9 0 8 0 7 0 6 8 
2 11 0 10 0 9 0 8 8 
2 11 0 10 0 9 0 8 8 
1 10 0 9 0 8 0 7 8 
1 10 0 9 0 8 0 7 8 
3 11 1 10 0 9 0 8 8 
2 10 0 9 0 8 0 7 8 
1 9 0 8 0 7 0 6 8 
1 10 0 9 0 8 0 7 8 
1 10 0 9 0 8 0 7 8 
1 12 0 11 0 10 0 9 8 
1 10 0 9 0 8 0 7 8 
1 9 0 8 0 7 0 6 8 
2 10 0 9 0 8 0 7 8 
1 10 0 9 0 8 0 7 8 
0 8 0 7 0 6 0 5 8 
1 10 0 9 0 8 0 7 8 
1 12 0 11 0 10 0 9 8 
1 11 0 10 0 9 0 8 8 
1 10 0 9 0 8 0 7 8 
3 10 1 9 0 8 0 7 8 
1 9 0 8 0 7 0 6 8 
1 10 0 9 0 8 0 7 8 
3 11 1 10 0 9 0 8 8 
1 9 0 8 0 7 0 6 8 
1 11 0 10 0 9 0 8 8 
1 10 0 9 0 8 0 7 8 
1 10 0 9 0 8 0 7 8 
2 10 0 9 0 8 0 7 8 
SCORES_TXT_END_0
SCORES_TXT_BEGIN_0 32 100 9 BLEU
2 7 1 6 0 5 0 4 6 
2 7 1 6 0 5 0 4 6 
2 7 1 6 0 5 0 4 6 
2 6 1 5 0 4 0 3 6 
2 7 1 6 0 5 0 4 6 
2 7 1 6 0 5 0 4 6 
2 7 1 6 0 5 0 4 6 
2 7 1 6 0 5 0 4 6 
2 6 1 5 0 4 0 3 6 
1 7 0 6 0 5 0 4 6 
2 6 1 5 0 4 0 3 6 
2 7 1 6 0 5 0 4 6 
2 7 1 6 0 5 0 4 6 
1 7 0 6 0 5 0 4 6 
2 7 1 6 0 5 0 4 6 
2 7 1 6 0 5 0 4 6 
1 6 0 5 0 4 0 3 6 
1 7 0 6 0 5 0 4 6 
2 7 1 6 0 5 0 4 6 
0 7 0 6 0 5 0 4 6 
2 7 1 6 0 5 0 4 6 
0 7 0 6 0 5 0 4 6 
1 7 0 6 0 5 0 4 6 
2 7 1 6 0 5 0 4 6 
2 7 1 6 0 5 0 4 6 
2 7 1 6 0 5 0 4 6 
0 7 0 6 0 5 0 4 6 
0 7 0 6 0 5 0 4 6 
2 8 1 7 0 6 0 5 6 
0 7 0 6 0 5 0 4 6 
1 7 0 6 0 5 0 4 6 
0 7 0 6 0 5 0 4 6 
0 7 0 6 0 5 0 4 6 
2 6 1 5 0 4 0 3 6 
0 6 0 5 0 4 0 3 6 
2 7 1 6 0 5 0 4 6 
0 7 0 6 0 5 0 4 6 
0 7 0 6 0 5 0 4 6 
1 7 0 6 0 5 0 4 6 
0 6 0 5 0 4 0 3 6 
1 6 0 5 0 4 0 3 6 
2 8 1 7 0 6 0 5 6 
0 7 0 6 0 5 0 4 6 
0 7 0 6 0 5 0 4 6 
0 7 0 6 0 5 0 4 6 
1 7 0 6 0 5 0 4 6 
0 7 0 6 0 5 0 4 6 
2 6 1 5 0 4 0 3 6 
0 7 0 6 0 5 0 4 6 
2 8 1 7 0 6 0 5 6 
1 7 0 6 0 5 0 4 6 
2 7 1 6 0 5 0 4 6 
1 7 0 6 0 5 0 4 6 
0 6 0 5 0 4 0 3 6 
0 7 0 6 0 5 0 4 6 
2 7 1 6 0 5 0 4 6 
2 7 1 6 0 5 0 4 6 
2 7 1 6 0 5 0 4 6 
2 8 1 7 0 6 0 5 6 
0 7 0 6 0 5 0 4 6 
0 7 0 6 0 5 0 4 6 
2 6 1 5 0 4 0 3 6 
2 7 1 6 0 5 0 4 6 
2 7 1 6 0 5 0 4 6 
0 6 0 5 0 4 0 3 6 
0 6 0 5 0 4 0 3 6 
0 7 0 6 0 5 0 4 6 
0 7 0 6 0 5 0 4 6 
1 7 0 6 0 5 0 4 6 
0 6 0 5 0 4 0 3 6 
2 8 1 7 0 6 0 5 6 
2 8 1 7 0 6 0 5 6 
2 6 1 5 0 4 0 3 6 
0 7 0 6 0 5 0 4 6 
0 6 0 5 0 4 0 3 6 
0 7 0 6 0 5 0 4 6 
0 7 0 6 0 5 0 4 6 
2 7 1 6 0 5 0 4 6 
2 8 1 7 0 6 0 5 6 
2 7 1 6 0 5 0 4 6 
0 7 0 6 0 5 0 4 6 
2 7 1 6 0 5 0 4 6 
0 7 0 6 0 5 0 4 6 
2 7 1 6 0 5 0 4 6 
1 6 0 5 0 4 0 3 6 
2 7 1 6 0 5 0 4 6 
0 7 0 6 0 5 0 4 6 
2 7 1 6 0 5 0 4 6 
2 7 1 6 0 5 0 4 6 
0 7 0 6 0 5 0 4 6 
2 7 1 6 0 5 0 4 6 
2 8 1 7 0 6 0 5 6 
0 7 0 6 0 5 0 4 6 
0 7 0 6 0 5 0 4 6 
2 7 1 6 0 5 0 4 6 
2 7 1 6 0 5 0 4 6 
1 8 0 7 0 6 0 5 6 
2 7 1 6 0 5 0 4 6 
1 7 0 6 0 5 0 4 6 
0 6 0 5 0 4 0 3 6 
SCORES_TXT_END_0
SCORES_TXT_BEGIN_0 33 100 9 BLEU
3 6 1 5 0 4 0 3 6 
3 6 1 5 0 4 0 3 6 
2 5 0 4 0 3 0 2 6 
3 6 1 5 0 4 0 3 6 
4 6 2 5 1 4 0 3 6 
4 6 2 5 1 4 0 3 6 
3 5 1 4 0 3 0 2 6 
4 6 2 5 1 4 0 3 6 
2 6 0 5 0 4 0 3 6 
2 6 0 5 0 4 0 3 6 
3 6 1 5 0 4 0 3 6 
3 6 1 5 0 4 0 3 6 
2 5 0 4 0 3 0 2 6 
3 6 1 5 0 4 0 3 6 
3 5 1 4 0 3 0 2 6 
2 5 0 4 0 3 0 2 6 
2 6 0 5 0 4 0 3 6 
2 6 0 5 0 4 0 3 6 
4 6 2 5 1 4 0 3 6 
3 6 1 5 0 4 0 3 6 
3 6 1 5 0 4 0 3 6 
3 6 1 5 0 4 0 3 6 
3 5 1 4 0 3 0 2 6 
3 6 1 5 0 4 0 3 6 
3 6 1 5 0 4 0 3 6 
3 6 1 5 0 4 0 3 6 
2 5 0 4 0 3 0 2 6 
4 6 2 5 1 4 0 3 6 
3 6 1 5 0 4 0 3 6 
4 6 2 5 1 4 0 3 6 
2 6 0 5 0 4 0 3 6 
3 6 1 5 0 4 0 3 6 
4 6 2 5 1 4 0 3 6 
2 6 0 5 0 4 0 3 6 
3 6 1 5 0 4 0 3 6 
3 6 1 5 0 4 0 3 6 
3 6 1 5 0 4 0 3 6 
2 5 0 4 0 3 0 2 6 
3 6 1 5 0 4 0 3 6 
2 6 0 5 0 4 0 3 6 
2 6 0 5 0 4 0 3 6 
2 6 0 5 0 4 0 3 6 
2 6 0 5 0 4 0 3 6 
4 6 2 5 1 4 0 3 6 
3 6 1 5 0 4 0 3 6 
3 6 1 5 0 4 0 3 6 
4 6 2 5 1 4 0 3 6 
4 6 2 5 1 4 0 3 6 
4 6 2 5 1 4 0 3 6 
3 5 1 4 0 3 0 2 6 
4 6 2 5 1 4 0 3 6 
3 6 1 5 0 4 0 3 6 
4 6 2 5 0 4 0 3 6 
3 6 1 5 0 4 0 3 6 
2 5 0 4 0 3 0 2 6 
3 6 1 5 0 4 0 3 6 
2 6 0 5 0 4 0 3 6 
3 6 1 5 0 4 0 3 6 
2 6 0 5 0 4 0 3 6 
3 5 1 4 0 3 0 2 6 
2 5 0 4 0 3 0 2 6 
4 6 2 5 0 4 0 3 6 
3 7 1 6 0 5 0 4 6 
3 6 0 5 0 4 0 3 6 
3 6 1 5 0 4 0 3 6 
3 6 0 5 0 4 0 3 6 
3 7 1 6 0 5 0 4 6 
2 6 0 5 0 4 0 3 6 
3 6 1 5 0 4 0 3 6 
3 7 1 6 0 5 0 4 6 
3 5 1 4 0 3 0 2 6 
3 6 0 5 0 4 0 3 6 
2 6 0 5 0 4 0 3 6 
2 6 0 5 0 4 0 3 6 
3 5 1 4 0 3 0 2 6 
4 7 2 6 1 5 0 4 6 
4 6 1 5 0 4 0 3 6 
3 6 0 5 0 4 0 3 6 
2 5 0 4 0 3 0 2 6 
2 7 0 6 0 5 0 4 6 
2 7 0 6 0 5 0 4 6 
4 6 1 5 0 4 0 3 6 
2 7 0 6 0 5 0 4 6 
4 7 2 6 1 5 0 4 6 
3 6 1 5 0 4 0 3 6 
2 7 0 6 0 5 0 4 6 
4 7 2 6 1 5 0 4 6 
4 6 1 5 0 4 0 3 6 
3 6 1 5 0 4 0 3 6 
3 6 0 5 0 4 0 3 6 
3 6 1 5 0 4 0 3 6 
2 6 0 5 0 4 0 3 6 
2 7 0 6 0 5 0 4 6 
2 5 0 4 0 3 0 2 6 
3 6 1 5 0 4 0 3 6 
4 6 1 5 0 4 0 3 6 
3 5 1 4 0 3 0 2 6 
2 6 0 5 0 4 0 3 6 
2 6 0 5 0 4 0 3 6 
2 5 0 4 0 3 0 2 6 
SCORES_TXT_END_0
SCORES_TXT_BEGIN_0 34 100 9 BLEU
0 5 0 4 0 3 0 2 4 
1 5 0 4 0 3 0 2 4 
0 5 0 4 0 3 0 2 4 
0 5 0 4 0 3 0 2 4 
0 5 0 4 0 3 0 2 4 
1 5 0 4 0 3 0 2 4 
1 6 0 5 0 4 0 3 4 
0 5 0 4 0 3 0 2 4 
0 5 0 4 0 3 0 2 4 
1 5 0 4 0 3 0 2 4 
0 6 0 5 0 4 0 3 4 
0 6 0 5 0 4 0 3 4 
1 5 0 4 0 3 0 2 4 
0 7 0 6 0 5 0 4 4 
1 5 0 4 0 3 0 2 4 
0 5 0 4 0 3 0 2 4 
0 5 0 4 0 3 0 2 4 
0 6 0 5 0 4 0 3 4 
0 5 0 4 0 3 0 2 4 
0 6 0 5 0 4 0 3 4 
0 5 0 4 0 3 0 2 4 
0 6 0 5 0 4 0 3 4 
0 5 0 4 0 3 0 2 4 
1 5 0 4 0 3 0 2 4 
0 6 0 5 0 4 0 3 4 
0 5 0 4 0 3 0 2 4 
0 6 0 5 0 4 0 3 4 
0 5 0 4 0 3 0 2 4 
0 5 0 4 0 3 0 2 4 
0 5 0 4 0 3 0 2 4 
1 5 0 4 0 3 0 2 4 
1 6 0 5 0 4 0 3 4 
0 6 0 5 0 4 0 3 4 
0 5 0 4 0 3 0 2 4 
0 5 0 4 0 3 0 2 4 
1 6 0 5 0 4 0 3 4 
0 6 0 5 0 4 0 3 4 
0 5 0 4 0 3 0 2 4 
0 6 0 5 0 4 0 3 4 
1 5 0 4 0 3 0 2 4 
0 5 0 4 0 3 0 2 4 
0 6 0 5 0 4 0 3 4 
0 6 0 5 0 4 0 3 4 
0 6 0 5 0 4 0 3 4 
1 5 0 4 0 3 0 2 4 
1 6 0 5 0 4 0 3 4 
0 6 0 5 0 4 0 3 4 
1 5 0 4 0 3 0 2 4 
0 6 0 5 0 4 0 3 4 
0 6 0 5 0 4 0 3 4 
0 6 0 5 0 4 0 3 4 
0 7 0 6 0 5 0 4 4 
0 5 0 4 0 3 0 2 4 
0 6 0 5 0 4 0 3 4 
0 5 0 4 0 3 0 2 4 
1 5 0 4 0 3 0 2 4 
0 5 0 4 0 3 0 2 4 
1 6 0 5 0 4 0 3 4 
0 6 0 5 0 4 0 3 4 
0 6 0 5 0 4 0 3 4 
0 6 0 5 0 4 0 3 4 
1 5 0 4 0 3 0 2 4 
0 5 0 4 0 3 0 2 4 
0 6 0 5 0 4 0 3 4 
1 5 0 4 0 3 0 2 4 
0 7 0 6 0 5 0 4 4 
0 5 0 4 0 3 0 2 4 
1 5 0 4 0 3 0 2 4 
0 6 0 5 0 4 0 3 4 
1 5 0 4 0 3 0 2 4 
1 6 0 5 0 4 0 3 4 
1 6 0 5 0 4 0 3 4 
1 5 0 4 0 3 0 2 4 
0 6 0 5 0 4 0 3 4 
0 5 0 4 0 3 0 2 4 
0 5 0 4 0 3 0 2 4 
0 6 0 5 0 4 0 3 4 
0 6 0 5 0 4 0 3 4 
0 7 0 6 0 5 0 4 4 
1 5 0 4 0 3 0 2 4 
0 5 0 4 0 3 0 2 4 
0 6 0 5 0 4 0 3 4 
0 5 0 4 0 3 0 2 4 
1 6 0 5 0 4 0 3 4 
0 6 0 5 0 4 0 3 4 
0 6 0 5 0 4 0 3 4 
1 6 0 5 0 4 0 3 4 
0 5 0 4 0 3 0 2 4 
0 5 0 4 0 3 0 2 4 
1 7 0 6 0 5 0 4 4 
0 6 0 5 0 4 0 3 4 
0 5 0 4 0 3 0 2 4 
0 7 0 6 0 5 0 4 4 
1 5 0 4 0 3 0 2 4 
0 5 0 4 0 3 0 2 4 
0 5 0 4 0 3 0 2 4 
1 6 0 5 0 4 0 3 4 
1 5 0 4 0 3 0 2 4 
0 5 0 4 0 3 0 2 4 
0 6 0 5 0 4 0 3 4 
SCORES_TXT_END_0
SCORES_TXT_BEGIN_0 35 100 9 BLEU
3 7 1 6 0 5 0 4 7 
3 7 1 6 0 5 0 4 7 
2 7 0 6 0 5 0 4 7 
2 7 0 6 0 5 0 4 7 
2 7 1 6 0 5 0 4 7 
3 7 1 6 0 5 0 4 7 
2 7 0 6 0 5 0 4 7 
3 7 1 6 0 5 0 4 7 
2 7 1 6 0 5 0 4 7 
3 7 1 6 0 5 0 4 7 
3 7 1 6 0 5 0 4 7 
3 8 1 7 0 6 0 5 7 
3 7 1 6 0 5 0 4 7 
3 7 1 6 0 5 0 4 7 
3 7 1 6 0 5 0 4 7 
3 7 1 6 0 5 0 4 7 
3 7 1 6 0 5 0 4 7 
3 8 1 7 0 6 0 5 7 
3 7 1 6 0 5 0 4 7 
1 7 0 6 0 5 0 4 7 
2 7 0 6 0 5 0 4 7 
3 7 1 6 0 5 0 4 7 
3 7 1 6 0 5 0 4 7 
3 7 1 6 0 5 0 4 7 
3 7 1 6 0 5 0 4 7 
3 7 1 6 0 5 0 4 7 
3 7 1 6 0 5 0 4 7 
2 7 0 6 0 5 0 4 7 
3 7 1 6 0 5 0 4 7 
2 7 0 6 0 5 0 4 7 
3 7 1 6 0 5 0 4 7 
3 7 1 6 0 5 0 4 7 
3 7 1 6 0 5 0 4 7 
1 7 0 6 0 5 0 4 7 
3 7 1 6 0 5 0 4 7 
3 7 1 6 0 5 0 4 7 
2 7 0 6 0 5 0 4 7 
3 7 1 6 0 5 0 4 7 
3 7 1 6 0 5 0 4 7 
3 7 1 6 0 5 0 4 7 
3 7 1 6 0 5 0 4 7 
3 7 1 6 0 5 0 4 7 
3 7 1 6 0 5 0 4 7 
3 8 1 7 0 6 0 5 7 
2 7 0 6 0 5 0 4 7 
2 8 0 7 0 6 0 5 7 
3 7 1 6 0 5 0 4 7 
3 7 1 6 0 5 0 4 7 
3 7 1 6 0 5 0 4 7 
2 7 0 6 0 5 0 4 7 
3 7 1 6 0 5 0 4 7 
1 7 0 6 0 5 0 4 7 
3 7 1 6 0 5 0 4 7 
3 7 1 6 0 5 0 4 7 
2 7 0 6 0 5 0 4 7 
2 7 0 6 0 5 0 4 7 
3 7 1 6 0 5 0 4 7 
3 7 1 6 0 5 0 4 7 
3 7 1 6 0 5 0 4 7 
3 7 1 6 0 5 0 4 7 
2 7 1 6 0 5 0 4 7 
2 7 1 6 0 5 0 4 7 
3 7 1 6 0 5 0 4 7 
2 7 0 6 0 5 0 4 7 
3 7 1 6 0 5 0 4 7 
2 7 0 6 0 5 0 4 7 
3 8 1 7 0 6 0 5 7 
3 8 1 7 0 6 0 5 7 
2 8 0 7 0 6 0 5 7 
2 7 0 6 0 5 0 4 7 
3 7 1 6 0 5 0 4 7 
2 7 1 6 0 5 0 4 7 
3 7 1 6 0 5 0 4 7 
2 7 1 6 0 5 0 4 7 
2 7 0 6 0 5 0 4 7 
3 8 1 7 0 6 0 5 7 
3 7 1 6 0 5 0 4 7 
3 7 1 6 0 5 0 4 7 
3 7 1 6 0 5 0 4 7 
2 7 0 6 0 5 0 4 7 
2 7 1 6 0 5 0 4 7 
2 7 0 6 0 5 0 4 7 
3 7 1 6 0 5 0 4 7 
2 7 0 6 0 5 0 4 7 
2 7 1 6 0 5 0 4 7 
3 7 1 6 0 5 0 4 7 
2 7 1 6 0 5 0 4 7 
2 7 0 6 0 5 0 4 7 
3 7 1 6 0 5 0 4 7 
3 7 1 6 0 5 0 4 7 
2 7 0 6 0 5 0 4 7 
3 8 1 7 0 6 0 5 7 
2 8 0 7 0 6 0 5 7 
2 7 0 6 0 5 0 4 7 
2 7 1 6 0 5 0 4 7 
2 7 0 6 0 5 0 4 7 
2 7 0 6 0 5 0 4 7 
3 8 1 7 0 6 0 5 7 
3 7 1 6 0 5 0 4 7 
3 7 1 6 0 5 0 4 7 
SCORES_TXT_END_0
SCORES_TXT_BEGIN_0 36 100 9 BLEU
3 6 1 5 0 4 0 3 5 
3 6 1 5 0 4 0 3 5 
3 6 1 5 0 4 0 3 5 
3 6 1 5 0 4 0 3 5 
3 6 1 5 0 4 0 3 5 
3 6 1 5 0 4 0 3 5 
3 6 1 5 0 4 0 3 5 
3 8 1 7 0 6 0 5 5 
3 7 1 6 0 5 0 4 5 
3 8 1 7 0 6 0 5 5 
3 7 1 6 0 5 0 4 5 
3 8 1 7 0 6 0 5 5 
3 6 1 5 0 4 0 3 5 
3 7 1 6 0 5 0 4 5 
3 7 1 6 0 5 0 4 5 
3 7 1 6 0 5 0 4 5 
3 8 1 7 0 6 0 5 5 
3 7 1 6 0 5 0 4 5 
3 6 1 5 0 4 0 3 5 
3 6 1 5 0 4 0 3 5 
3 7 1 6 0 5 0 4 5 
3 7 1 6 0 5 0 4 5 
3 7 1 6 0 5 0 4 5 
3 7 1 6 0 5 0 4 5 
3 6 1 5 0 4 0 3 5 
3 9 1 8 0 7 0 6 5 
3 9 1 8 0 7 0 6 5 
3 7 1 6 0 5 0 4 5 
4 7 1 6 0 5 0 4 5 
3 6 1 5 0 4 0 3 5 
3 6 1 5 0 4 0 3 5 
4 7 1 6 0 5 0 4 5 
3 7 1 6 0 5 0 4 5 
3 6 1 5 0 4 0 3 5 
3 8 1 7 0 6 0 5 5 
3 9 1 8 0 7 0 6 5 
3 8 1 7 0 6 0 5 5 
3 7 1 6 0 5 0 4 5 
4 6 2 5 1 4 0 3 5 
3 7 1 6 0 5 0 4 5 
3 7 1 6 0 5 0 4 5 
3 7 1 6 0 5 0 4 5 
3 7 1 6 0 5 0 4 5 
3 6 1 5 0 4 0 3 5 
3 7 1 6 0 5 0 4 5 
3 8 1 7 0 6 0 5 5 
3 8 1 7 0 6 0 5 5 
3 8 1 7 0 6 0 5 5 
3 7 1 6 0 5 0 4 5 
3 8 1 7 0 6 0 5 5 
3 9 1 8 0 7 0 6 5 
3 7 1 6 0 5 0 4 5 
4 6 2 5 1 4 0 3 5 
3 8 1 7 0 6 0 5 5 
3 7 1 6 0 5 0 4 5 
3 7 1 6 0 5 0 4 5 
3 6 1 5 0 4 0 3 5 
3 8 1 7 0 6 0 5 5 
3 7 1 6 0 5 0 4 5 
3 7 1 6 0 5 0 4 5 
3 7 1 6 0 5 0 4 5 
3 6 1 5 0 4 0 3 5 
4 7 1 6 0 5 0 4 5 
4 7 1 6 0 5 0 4 5 
3 6 1 5 0 4 0 3 5 
3 7 1 6 0 5 0 4 5 
3 7 1 6 0 5 0 4 5 
3 6 1 5 0 4 0 3 5 
3 8 1 7 0 6 0 5 5 
3 6 1 5 0 4 0 3 5 
4 6 2 5 1 4 0 3 5 
3 8 1 7 0 6 0 5 5 
3 8 1 7 0 6 0 5 5 
3 8 1 7 0 6 0 5 5 
3 8 1 7 0 6 0 5 5 
4 9 1 8 0 7 0 6 5 
3 7 1 6 0 5 0 4 5 
3 8 1 7 0 6 0 5 5 
3 7 1 6 0 5 0 4 5 
4 9 1 8 0 7 0 6 5 
3 6 1 5 0 4 0 3 5 
3 6 1 5 0 4 0 3 5 
3 9 1 8 0 7 0 6 5 
3 8 1 7 0 6 0 5 5 
3 8 1 7 0 6 0 5 5 
3 7 1 6 0 5 0 4 5 
3 7 1 6 0 5 0 4 5 
3 6 1 5 0 4 0 3 5 
3 6 1 5 0 4 0 3 5 
3 7 1 6 0 5 0 4 5 
3 7 1 6 0 5 0 4 5 
3 6 1 5 0 4 0 3 5 
3 7 1 6 0 5 0 4 5 
3 7 1 6 0 5 0 4 5 
4 8 2 7 1 6 0 5 5 
3 7 1 6 0 5 0 4 5 
3 7 1 6 0 5 0 4 5 
3 8 1 7 0 6 0 5 5 
3 7 1 6 0 5 0 4 5 
3 8 1 7 0 6 0 5 5 
SCORES_TXT_END_0
SCORES_TXT_BEGIN_0 37 91 9 BLEU
7 11 5 10 3 9 2 8 11 
7 11 5 10 3 9 2 8 11 
7 11 5 10 3 9 2 8 11 
7 11 5 10 3 9 2 8 11 
6 11 3 10 1 9 0 8 11 
6 11 3 10 1 9 0 8 11 
7 11 5 10 3 9 2 8 11 
6 11 4 10 3 9 2 8 11 
6 11 3 10 0 9 0 8 11 
6 11 3 10 1 9 0 8 11 
6 11 4 10 3 9 2 8 11 
6 11 3 10 1 9 0 8 11 
6 11 3 10 0 9 0 8 11 
7 11 5 10 3 9 2 8 11 
6 11 4 10 3 9 2 8 11 
6 11 4 10 3 9 2 8 11 
6 11 3 10 1 9 0 8 11 
7 11 4 10 2 9 1 8 11 
6 11 3 10 0 9 0 8 11 
6 11 3 10 1 9 0 8 11 
6 11 4 10 3 9 2 8 11 
7 11 4 10 3 9 2 8 11 
6 11 4 10 3 9 2 8 11 
6 11 4 10 3 9 2 8 11 
6 11 3 10 1 9 0 8 11 
7 11 5 10 3 9 2 8 11 
7 11 5 10 3 9 2 8 11 
7 11 4 10 3 9 2 8 11 
7 11 4 10 3 9 2 8 11 
6 11 3 10 1 9 0 8 11 
6 11 4 10 3 9 2 8 11 
6 11 3 10 0 9 0 8 11 
7 11 5 10 3 9 2 8 11 
7 11 5 10 3 9 2 8 11 
7 11 5 10 3 9 2 8 11 
7 11 5 10 3 9 2 8 11 
7 11 5 10 3 9 2 8 11 
6 11 4 10 3 9 2 8 11 
7 11 5 10 3 9 2 8 11 
6 11 3 10 1 9 0 8 11 
5 11 2 10 1 9 0 8 11 
7 11 5 10 3 9 2 8 11 
6 11 3 10 0 9 0 8 11 
7 11 4 10 3 9 2 8 11 
7 11 5 10 3 9 2 8 11 
7 11 4 10 3 9 2 8 11 
7 11 4 10 3 9 2 8 11 
7 11 5 10 3 9 2 8 11 
6 11 3 10 1 9 0 8 11 
5 11 2 10 1 9 0 8 11 
6 11 4 10 3 9 2 8 11 
7 11 4 10 2 9 1 8 11 
7 11 5 10 3 9 2 8 11 
7 11 5 10 3 9 2 8 11 
7 11 4 10 3 9 2 8 11 
6 11 3 10 0 9 0 8 11 
7 11 5 10 3 9 2 8 11 
7 11 4 10 3 9 2 8 11 
7 11 5 10 3 9 2 8 11 
5 11 2 10 1 9 0 8 11 
5 11 2 10 1 9 0 8 11 
6 11 3 10 0 9 0 8 11 
7 11 4 10 3 9 2 8 11 
7 11 4 10 3 9 2 8 11 
7 11 4 10 3 9 2 8 11 
7 11 5 10 3 9 2 8 11 
5 11 2 10 1 9 0 8 11 
7 11 4 10 3 9 2 8 11 
7 11 5 10 3 9 2 8 11 
7 11 5 10 3 9 2 8 11 
7 11 4 10 3 9 2 8 11 
7 11 4 10 3 9 2 8 11 
6 11 3 10 0 9 0 8 11 
5 11 2 10 0 9 0 8 11 
6 11 4 10 3 9 2 8 11 
6 11 3 10 0 9 0 8 11 
6 11 3 10 1 9 0 8 11 
7 11 5 10 3 9 2 8 11 
5 11 2 10 1 9 0 8 11 
7 11 5 10 3 9 2 8 11 
6 11 4 10 3 9 2 8 11 
6 11 3 10 1 9 0 8 11 
6 11 3 10 1 9 0 8 11 
7 11 5 10 3 9 2 8 11 
7 11 4 10 2 9 1 8 11 
7 11 4 10 2 9 1 8 11 
7 11 4 10 3 9 2 8 11 
7 11 4 10 3 9 2 8 11 
6 11 3 10 1 9 0 8 11 
7 11 4 10 3 9 2 8 11 
5 11 2 10 0 9 0 8 11 
SCORES_TXT_END_0
SCORES_TXT_BEGIN_0 38 100 9 BLEU
4 8 1 7 0 6 0 5 9 
4 8 1 7 0 6 0 5 9 
4 8 1 7 0 6 0 5 9 
3 8 1 7 0 6 0 5 9 
3 8 1 7 0 6 0 5 9 
4 8 1 7 0 6 0 5 9 
4 8 1 7 0 6 0 5 9 
3 8 1 7 0 6 0 5 9 
3 8 1 7 0 6 0 5 9 
3 8 1 7 0 6 0 5 9 
3 8 0 7 0 6 0 5 9 
3 8 1 7 0 6 0 5 9 
3 8 0 7 0 6 0 5 9 
3 8 1 7 0 6 0 5 9 
4 8 1 7 0 6 0 5 9 
4 8 1 7 0 6 0 5 9 
4 8 1 7 0 6 0 5 9 
4 8 1 7 0 6 0 5 9 
4 8 1 7 0 6 0 5 9 
3 8 1 7 0 6 0 5 9 
4 8 1 7 0 6 0 5 9 
4 8 1 7 0 6 0 5 9 
3 8 0 7 0 6 0 5 9 
3 8 1 7 0 6 0 5 9 
4 8 1 7 0 6 0 5 9 
4 8 1 7 0 6 0 5 9 
4 8 1 7 0 6 0 5 9 
4 8 0 7 0 6 0 5 9 
4 8 1 7 0 6 0 5 9 
4 8 1 7 0 6 0 5 9 
4 8 1 7 0 6 0 5 9 
4 8 0 7 0 6 0 5 9 
4 8 1 7 0 6 0 5 9 
4 8 1 7 0 6 0 5 9 
4 8 1 7 0 6 0 5 9 
3 8 1 7 0 6 0 5 9 
4 8 1 7 0 6 0 5 9 
3 8 1 7 0 6 0 5 9 
4 8 1 7 0 6 0 5 9 
4 8 1 7 0 6 0 5 9 
4 8 0 7 0 6 0 5 9 
4 8 1 7 0 6 0 5 9 
4 8 1 7 0 6 0 5 9 
4 8 1 7 0 6 0 5 9 
4 8 1 7 0 6 0 5 9 
3 8 1 7 0 6 0 5 9 
3 8 1 7 0 6 0 5 9 
4 8 1 7 0 6 0 5 9 
3 8 1 7 0 6 0 5 9 
3 8 1 7 0 6 0 5 9 
4 8 1 7 0 6 0 5 9 
3 8 1 7 0 6 0 5 9 
4 8 0 7 0 6 0 5 9 
3 8 1 7 0 6 0 5 9 
3 8 1 7 0 6 0 5 9 
4 8 1 7 0 6 0 5 9 
4 8 0 7 0 6 0 5 9 
2 8 1 7 0 6 0 5 9 
3 8 1 7 0 6 0 5 9 
3 8 1 7 0 6 0 5 9 
4 8 1 7 0 6 0 5 9 
3 8 1 7 0 6 0 5 9 
4 8 1 7 0 6 0 5 9 
2 8 1 7 0 6 0 5 9 
2 8 0 7 0 6 0 5 9 
3 8 1 7 0 6 0 5 9 
4 8 1 7 0 6 0 5 9 
4 8 1 7 0 6 0 5 9 
4 8 1 7 0 6 0 5 9 
2 8 0 7 0 6 0 5 9 
4 8 1 7 0 6 0 5 9 
3 8 1 7 0 6 0 5 9 
3 8 1 7 0 6 0 5 9 
3 8 1 7 0 6 0 5 9 
4 8 1 7 0 6 0 5 9 
4 8 1 7 0 6 0 5 9 
3 8 0 7 0 6 0 5 9 
3 8 1 7 0 6 0 5 9 
4 8 1 7 0 6 0 5 9 
3 8 1 7 0 6 0 5 9 
4 8 0 7 0 6 0 5 9 
4 8 0 7 0 6 0 5 9 
3 8 1 7 0 6 0 5 9 
3 8 1 7 0 6 0 5 9 
3 8 0 7 0 6 0 5 9 
3 8 1 7 0 6 0 5 9 
4 8 1 7 0 6 0 5 9 
2 8 1 7 0 6 0 5 9 
2 8 0 7 0 6 0 5 9 
3 8 1 7 0 6 0 5 9 
2 8 1 7 0 6 0 5 9 
4 8 1 7 0 6 0 5 9 
4 8 1 7 0 6 0 5 9 
2 8 0 7 0 6 0 5 9 
4 9 0 8 0 7 0 6 9 
4 8 1 7 0 6 0 5 9 
2 8 0 7 0 6 0 5 9 
3 8 1 7 0 6 0 5 9 
2 8 1 7 0 6 0 5 9 
2 8 0 7 0 6 0 5 9 
SCORES_TXT_END_0
SCORES_TXT_BEGIN_0 39 100 9 BLEU
7 15 4 14 3 13 2 12 15 
6 14 4 13 3 12 2 11 15 
7 15 4 14 3 13 2 12 15 
6 14 4 13 3 12 2 11 15 
8 15 5 14 3 13 2 12 15 
7 14 5 13 3 12 2 11 15 
7 15 4 14 3 13 2 12 15 
7 15 4 14 3 13 2 12 15 
7 15 4 14 3 13 2 12 15 
6 14 4 13 3 12 2 11 15 
6 14 4 13 3 12 2 11 15 
8 15 5 14 3 13 2 12 15 
6 14 4 13 3 12 2 11 15 
7 15 4 14 3 13 2 12 15 
7 15 4 14 3 13 2 12 15 
7 15 4 14 3 13 2 12 15 
7 14 5 13 3 12 2 11 15 
6 14 2 13 1 12 0 11 15 
6 14 4 13 3 12 2 11 15 
8 15 5 14 3 13 2 12 15 
6 14 4 13 3 12 2 11 15 
8 15 5 14 3 13 2 12 15 
6 14 4 13 3 12 2 11 15 
8 15 5 14 3 13 2 12 15 
5 13 2 12 1 11 0 10 15 
7 14 5 13 3 12 2 11 15 
7 14 5 13 3 12 2 11 15 
7 15 4 14 3 13 2 12 15 
7 14 5 13 3 12 2 11 15 
7 15 4 14 3 13 2 12 15 
7 15 4 14 3 13 2 12 15 
7 15 4 14 3 13 2 12 15 
6 14 4 13 3 12 2 11 15 
6 14 4 13 3 12 2 11 15 
6 14 2 13 1 12 0 11 15 
8 15 5 14 3 13 2 12 15 
6 14 4 13 3 12 2 11 15 
8 15 5 14 3 13 2 12 15 
6 14 4 13 3 12 2 11 15 
6 14 4 13 3 12 2 11 15 
8 15 5 14 3 13 2 12 15 
6 15 2 14 1 13 0 12 15 
7 15 4 14 3 13 2 12 15 
7 15 4 14 3 13 2 12 15 
7 15 4 14 3 13 2 12 15 
5 13 2 12 1 11 0 10 15 
7 15 4 14 3 13 2 12 15 
7 14 3 13 1 12 0 11 15 
7 14 5 13 3 12 2 11 15 
6 14 2 13 1 12 0 11 15 
7 15 4 14 3 13 2 12 15 
7 15 4 14 3 13 2 12 15 
7 14 5 13 3 12 2 11 15 
7 14 5 13 3 12 2 11 15 
6 14 4 13 3 12 2 11 15 
6 13 3 12 1 11 0 10 15 
6 14 2 13 1 12 0 11 15 
6 14 4 13 3 12 2 11 15 
6 14 4 13 3 12 2 11 15 
8 15 5 14 3 13 2 12 15 
6 15 2 14 1 13 0 12 15 
6 14 2 13 1 12 0 11 15 
6 14 4 13 3 12 2 11 15 
8 15 5 14 3 13 2 12 15 
6 14 4 13 3 12 2 11 15 
6 14 4 13 3 12 2 11 15 
8 15 5 14 3 13 2 12 15 
5 13 2 12 1 11 0 10 15 
7 14 5 13 3 12 2 11 15 
7 14 5 13 3 12 2 11 15 
6 15 4 14 3 13 2 12 15 
7 14 3 13 1 12 0 11 15 
5 13 2 12 1 11 0 10 15 
7 14 5 13 3 12 2 11 15 
7 14 5 13 3 12 2 11 15 
7 15 4 14 3 13 2 12 15 
7 15 4 14 3 13 2 12 15 
6 14 4 13 3 12 2 11 15 
7 15 4 14 3 13 2 12 15 
7 15 4 14 3 13 2 12 15 
6 14 4 13 3 12 2 11 15 
6 14 2 13 1 12 0 11 15 
7 15 4 14 3 13 2 12 15 
7 15 3 14 1 13 0 12 15 
7 15 4 14 3 13 2 12 15 
6 14 2 13 1 12 0 11 15 
8 15 5 14 3 13 2 12 15 
6 14 4 13 3 12 2 11 15 
6 14 4 13 3 12 2 11 15 
6 14 4 13 3 12 2 11 15 
6 14 2 13 1 12 0 11 15 
8 15 5 14 3 13 2 12 15 
8 15 5 14 3 13 2 12 15 
6 14 4 13 3 12 2 11 15 
6 13 3 12 1 11 0 10 15 
8 15 5 14 3 13 2 12 15 
7 14 3 13 1 12 0 11 15 
6 14 4 13 3 12 2 11 15 
7 15 2 14 0 13 0 12 15 
8 15 5 14 3 13 2 12 15 
SCORES_TXT_END_0
SCORES_TXT_BEGIN_0 40 93 9 BLEU
10 27 1 26 0 25 0 24 20 
10 27 1 26 0 25 0 24 20 
9 27 1 26 0 25 0 24 20 
9 27 1 26 0 25 0 24 20 
9 27 1 26 0 25 0 24 20 
9 27 1 26 0 25 0 24 20 
10 27 1 26 0 25 0 24 20 
10 27 1 26 0 25 0 24 20 
10 27 1 26 0 25 0 24 20 
8 27 1 26 0 25 0 24 20 
10 27 1 26 0 25 0 24 20 
8 27 1 26 0 25 0 24 20 
9 27 1 26 0 25 0 24 20 
10 27 1 26 0 25 0 24 20 
10 27 1 26 0 25 0 24 20 
9 27 1 26 0 25 0 24 20 
10 27 1 26 0 25 0 24 20 
9 27 1 26 0 25 0 24 20 
10 27 1 26 0 25 0 24 20 
9 27 1 26 0 25 0 24 20 
10 27 1 26 0 25 0 24 20 
9 27 1 26 0 25 0 24 20 
10 27 1 26 0 25 0 24 20 
9 27 1 26 0 25 0 24 20 
9 27 1 26 0 25 0 24 20 
9 27 1 26 0 25 0 24 20 
9 27 1 26 0 25 0 24 20 
9 27 1 26 0 25 0 24 20 
10 27 1 26 0 25 0 24 20 
10 27 1 26 0 25 0 24 20 
9 27 1 26 0 25 0 24 20 
9 27 0 26 0 25 0 24 20 
10 27 1 26 0 25 0 24 20 
10 27 1 26 0 25 0 24 20 
10 27 1 26 0 25 0 24 20 
9 27 1 26 0 25 0 24 20 
9 27 1 26 0 25 0 24 20 
9 27 1 26 0 25 0 24 20 
9 27 0 26 0 25 0 24 20 
10 27 1 26 0 25 0 24 20 
10 27 1 26 0 25 0 24 20 
8 27 1 26 0 25 0 24 20 
9 27 1 26 0 25 0 24 20 
9 27 1 26 0 25 0 24 20 
10 27 1 26 0 25 0 24 20 
8 27 1 26 0 25 0 24 20 
10 27 1 26 0 25 0 24 20 
10 27 1 26 0 25 0 24 20 
10 27 1 26 0 25 0 24 20 
10 28 1 27 0 26 0 25 20 
10 27 1 26 0 25 0 24 20 
8 27 0 26 0 25 0 24 20 
10 27 1 26 0 25 0 24 20 
9 27 1 26 0 25 0 24 20 
8 27 0 26 0 25 0 24 20 
10 27 1 26 0 25 0 24 20 
10 28 1 27 0 26 0 25 20 
10 27 1 26 0 25 0 24 20 
8 27 1 26 0 25 0 24 20 
9 28 1 27 0 26 0 25 20 
8 27 0 26 0 25 0 24 20 
9 27 1 26 0 25 0 24 20 
8 27 1 26 0 25 0 24 20 
8 27 1 26 0 25 0 24 20 
8 27 0 26 0 25 0 24 20 
10 27 1 26 0 25 0 24 20 
9 27 1 26 0 25 0 24 20 
8 27 1 26 0 25 0 24 20 
9 27 0 26 0 25 0 24 20 
10 27 1 26 0 25 0 24 20 
8 27 1 26 0 25 0 24 20 
9 27 1 26 0 25 0 24 20 
10 28 1 27 0 26 0 25 20 
9 27 1 26 0 25 0 24 20 
9 27 0 26 0 25 0 24 20 
10 27 1 26 0 25 0 24 20 
10 28 1 27 0 26 0 25 20 
9 27 1 26 0 25 0 24 20 
9 27 1 26 0 25 0 24 20 
9 27 1 26 0 25 0 24 20 
9 27 0 26 0 25 0 24 20 
9 28 1 27 0 26 0 25 20 
10 27 1 26 0 25 0 24 20 
9 27 1 26 0 25 0 24 20 
9 27 0 26 0 25 0 24 20 
9 28 1 27 0 26 0 25 20 
9 27 1 26 0 25 0 24 20 
7 27 0 26 0 25 0 24 20 
9 27 1 26 0 25 0 24 20 
9 27 1 26 0 25 0 24 20 
9 27 1 26 0 25 0 24 20 
9 28 1 27 0 26 0 25 20 
10 27 1 26 0 25 0 24 20 
SCORES_TXT_END_0
SCORES_TXT_BEGIN_0 41 100 9 BLEU
2 11 0 10 0 9 0 8 6 
2 11 0 10 0 9 0 8 6 
2 11 0 10 0 9 0 8 6 
2 11 0 10 0 9 0 8 6 
2 11 0 10 0 9 0 8 6 
2 11 0 10 0 9 0 8 6 
2 11 0 10 0 9 0 8 6 
2 11 0 10 0 9 0 8 6 
2 11 0 10 0 9 0 8 6 
2 11 0 10 0 9 0 8 6 
2 11 0 10 0 9 0 8 6 
1 11 0 10 0 9 0 8 6 
2 11 0 10 0 9 0 8 6 
2 11 1 10 0 9 0 8 6 
1 11 0 10 0 9 0 8 6 
1 11 0 10 0 9 0 8 6 
2 11 0 10 0 9 0 8 6 
2 11 0 10 0 9 0 8 6 
2 11 1 10 0 9 0 8 6 
2 11 1 10 0 9 0 8 6 
1 11 0 10 0 9 0 8 6 
2 11 0 10 0 9 0 8 6 
2 11 0 10 0 9 0 8 6 
2 11 0 10 0 9 0 8 6 
2 11 0 10 0 9 0 8 6 
2 11 0 10 0 9 0 8 6 
2 11 1 10 0 9 0 8 6 
2 11 0 10 0 9 0 8 6 
2 11 0 10 0 9 0 8 6 
2 11 0 10 0 9 0 8 6 
2 11 0 10 0 9 0 8 6 
1 11 0 10 0 9 0 8 6 
2 11 0 10 0 9 0 8 6 
2 11 0 10 0 9 0 8 6 
2 11 0 10 0 9 0 8 6 
2 11 0 10 0 9 0 8 6 
2 11 0 10 0 9 0 8 6 
2 11 0 10 0 9 0 8 6 
2 11 0 10 0 9 0 8 6 
2 11 0 10 0 9 0 8 6 
2 11 0 10 0 9 0 8 6 
1 11 0 10 0 9 0 8 6 
2 11 0 10 0 9 0 8 6 
1 11 0 10 0 9 0 8 6 
2 12 0 11 0 10 0 9 6 
2 11 0 10 0 9 0 8 6 
2 11 0 10 0 9 0 8 6 
2 11 0 10 0 9 0 8 6 
2 11 0 10 0 9 0 8 6 
1 11 0 10 0 9 0 8 6 
2 12 0 11 0 10 0 9 6 
2 11 0 10 0 9 0 8 6 
2 11 0 10 0 9 0 8 6 
1 11 0 10 0 9 0 8 6 
2 11 0 10 0 9 0 8 6 
2 11 0 10 0 9 0 8 6 
2 11 0 10 0 9 0 8 6 
2 11 0 10 0 9 0 8 6 
2 11 0 10 0 9 0 8 6 
2 11 0 10 0 9 0 8 6 
2 11 0 10 0 9 0 8 6 
1 11 0 10 0 9 0 8 6 
2 11 0 10 0 9 0 8 6 
1 11 0 10 0 9 0 8 6 
2 11 0 10 0 9 0 8 6 
2 11 0 10 0 9 0 8 6 
2 11 0 10 0 9 0 8 6 
2 11 0 10 0 9 0 8 6 
2 11 0 10 0 9 0 8 6 
2 11 1 10 0 9 0 8 6 
2 11 0 10 0 9 0 8 6 
2 11 0 10 0 9 0 8 6 
2 11 0 10 0 9 0 8 6 
2 11 0 10 0 9 0 8 6 
1 11 0 10 0 9 0 8 6 
2 11 0 10 0 9 0 8 6 
2 11 0 10 0 9 0 8 6 
2 11 0 10 0 9 0 8 6 
2 11 0 10 0 9 0 8 6 
2 13 0 12 0 11 0 10 6 
2 11 0 10 0 9 0 8 6 
2 11 0 10 0 9 0 8 6 
2 11 1 10 0 9 0 8 6 
2 13 0 12 0 11 0 10 6 
2 11 1 10 0 9 0 8 6 
2 11 1 10 0 9 0 8 6 
2 11 0 10 0 9 0 8 6 
2 11 0 10 0 9 0 8 6 
2 11 1 10 0 9 0 8 6 
2 11 0 10 0 9 0 8 6 
2 11 0 10 0 9 0 8 6 
2 11 0 10 0 9 0 8 6 
2 11 0 10 0 9 0 8 6 
2 11 0 10 0 9 0 8 6 
2 11 0 10 0 9 0 8 6 
2 13 0 12 0 11 0 10 6 
2 11 0 10 0 9 0 8 6 
2 11 1 10 0 9 0 8 6 
2 13 0 12 0 11 0 10 6 
2 11 1 10 0 9 0 8 6 
SCORES_TXT_END_0
SCORES_TXT_BEGIN_0 42 100 9 BLEU
3 13 0 12 0 11 0 10 11 
3 13 0 12 0 11 0 10 11 
3 13 0 12 0 11 0 10 11 
3 13 0 12 0 11 0 10 11 
3 13 0 12 0 11 0 10 11 
3 13 0 12 0 11 0 10 11 
3 13 0 12 0 11 0 10 11 
2 13 0 12 0 11 0 10 11 
3 13 0 12 0 11 0 10 11 
2 13 0 12 0 11 0 10 11 
2 13 0 12 0 11 0 10 11 
2 13 0 12 0 11 0 10 11 
2 13 0 12 0 11 0 10 11 
3 13 0 12 0 11 0 10 11 
3 13 0 12 0 11 0 10 11 
2 13 0 12 0 11 0 10 11 
2 13 0 12 0 11 0 10 11 
3 13 0 12 0 11 0 10 11 
3 13 0 12 0 11 0 10 11 
2 13 0 12 0 11 0 10 11 
2 13 0 12 0 11 0 10 11 
2 13 0 12 0 11 0 10 11 
2 13 0 12 0 11 0 10 11 
2 13 0 12 0 11 0 10 11 
3 14 0 13 0 12 0 11 11 
3 13 0 12 0 11 0 10 11 
3 13 0 12 0 11 0 10 11 
3 14 0 13 0 12 0 11 11 
3 13 0 12 0 11 0 10 11 
3 13 0 12 0 11 0 10 11 
3 14 0 13 0 12 0 11 11 
2 13 0 12 0 11 0 10 11 
2 13 0 12 0 11 0 10 11 
2 13 0 12 0 11 0 10 11 
3 14 0 13 0 12 0 11 11 
2 13 0 12 0 11 0 10 11 
2 13 0 12 0 11 0 10 11 
2 13 0 12 0 11 0 10 11 
2 13 0 12 0 11 0 10 11 
2 13 0 12 0 11 0 10 11 
3 13 0 12 0 11 0 10 11 
3 14 0 13 0 12 0 11 11 
3 13 0 12 0 11 0 10 11 
3 14 0 13 0 12 0 11 11 
3 14 0 13 0 12 0 11 11 
2 13 0 12 0 11 0 10 11 
2 13 0 12 0 11 0 10 11 
3 14 0 13 0 12 0 11 11 
2 13 0 12 0 11 0 10 11 
2 13 0 12 0 11 0 10 11 
2 13 0 12 0 11 0 10 11 
3 13 0 12 0 11 0 10 11 
2 13 0 12 0 11 0 10 11 
2 13 0 12 0 11 0 10 11 
2 13 0 12 0 11 0 10 11 
3 13 0 12 0 11 0 10 11 
2 13 0 12 0 11 0 10 11 
3 14 0 13 0 12 0 11 11 
3 14 0 13 0 12 0 11 11 
3 13 0 12 0 11 0 10 11 
3 14 0 13 0 12 0 11 11 
2 13 0 12 0 11 0 10 11 
3 14 0 13 0 12 0 11 11 
3 14 0 13 0 12 0 11 11 
3 13 0 12 0 11 0 10 11 
3 14 0 13 0 12 0 11 11 
2 13 0 12 0 11 0 10 11 
3 13 0 12 0 11 0 10 11 
2 13 0 12 0 11 0 10 11 
3 14 0 13 0 12 0 11 11 
2 13 0 12 0 11 0 10 11 
3 13 0 12 0 11 0 10 11 
3 13 0 12 0 11 0 10 11 
2 13 0 12 0 11 0 10 11 
3 14 0 13 0 12 0 11 11 
3 14 0 13 0 12 0 11 11 
3 12 0 11 0 10 0 9 11 
2 13 0 12 0 11 0 10 11 
3 13 0 12 0 11 0 10 11 
3 13 0 12 0 11 0 10 11 
3 13 0 12 0 11 0 10 11 
3 13 0 12 0 11 0 10 11 
3 14 0 13 0 12 0 11 11 
3 13 0 12 0 11 0 10 11 
3 14 0 13 0 12 0 11 11 
3 14 0 13 0 12 0 11 11 
3 14 0 13 0 12 0 11 11 
3 14 0 13 0 12 0 11 11 
3 12 0 11 0 10 0 9 11 
2 13 0 12 0 11 0 10 11 
3 13 0 12 0 11 0 10 11 
3 13 0 12 0 11 0 10 11 
2 13 0 12 0 11 0 10 11 
3 14 0 13 0 12 0 11 11 
3 14 0 13 0 12 0 11 11 
3 14 0 13 0 12 0 11 11 
3 14 0 13 0 12 0 11 11 
3 13 0 12 0 11 0 10 11 
3 13 0 12 0 11 0 10 11 
3 14 0 13 0 12 0 11 11 
SCORES_TXT_END_0
SCORES_TXT_BEGIN_0 43 24 9 BLEU
2 4 1 3 0 2 0 1 3 
1 4 0 3 0 2 0 1 3 
2 5 1 4 0 3 0 2 3 
1 5 0 4 0 3 0 2 3 
1 4 0 3 0 2 0 1 3 
2 4 0 3 0 2 0 1 3 
2 4 0 3 0 2 0 1 3 
1 4 0 3 0 2 0 1 3 
2 4 0 3 0 2 0 1 3 
2 4 1 3 0 2 0 1 3 
1 4 0 3 0 2 0 1 3 
1 5 0 4 0 3 0 2 3 
1 5 0 4 0 3 0 2 3 
1 4 0 3 0 2 0 1 3 
2 5 0 4 0 3 0 2 3 
2 5 0 4 0 3 0 2 3 
2 5 1 4 0 3 0 2 3 
1 4 0 3 0 2 0 1 3 
1 5 0 4 0 3 0 2 3 
1 5 0 4 0 3 0 2 3 
2 4 0 3 0 2 0 1 3 
2 5 0 4 0 3 0 2 3 
1 5 0 4 0 3 0 2 3 
2 5 0 4 0 3 0 2 3 
SCORES_TXT_END_0
SCORES_TXT_BEGIN_0 44 12 9 BLEU
1 4 0 3 0 2 0 1 3 
1 5 0 4 0 3 0 2 3 
1 4 0 3 0 2 0 1 3 
1 4 0 3 0 2 0 1 3 
1 4 0 3 0 2 0 1 3 
1 5 0 4 0 3 0 2 3 
1 4 0 3 0 2 0 1 3 
1 5 0 4 0 3 0 2 3 
1 5 0 4 0 3 0 2 3 
1 5 0 4 0 3 0 2 3 
1 4 0 3 0 2 0 1 3 
1 5 0 4 0 3 0 2 3 
SCORES_TXT_END_0
SCORES_TXT_BEGIN_0 45 100 9 BLEU
3 6 0 5 0 4 0 3 6 
2 6 0 5 0 4 0 3 6 
2 7 0 6 0 5 0 4 6 
3 6 0 5 0 4 0 3 6 
3 7 1 6 0 5 0 4 6 
2 7 0 6 0 5 0 4 6 
2 6 0 5 0 4 0 3 6 
3 6 0 5 0 4 0 3 6 
2 7 0 6 0 5 0 4 6 
3 6 0 5 0 4 0 3 6 
3 7 0 6 0 5 0 4 6 
2 6 0 5 0 4 0 3 6 
2 8 0 7 0 6 0 5 6 
3 8 1 7 0 6 0 5 6 
2 8 0 7 0 6 0 5 6 
2 6 0 5 0 4 0 3 6 
2 7 0 6 0 5 0 4 6 
2 7 0 6 0 5 0 4 6 
3 7 1 6 0 5 0 4 6 
3 6 0 5 0 4 0 3 6 
2 7 0 6 0 5 0 4 6 
2 6 0 5 0 4 0 3 6 
2 7 0 6 0 5 0 4 6 
2 6 0 5 0 4 0 3 6 
3 6 0 5 0 4 0 3 6 
2 6 0 5 0 4 0 3 6 
2 6 0 5 0 4 0 3 6 
2 7 0 6 0 5 0 4 6 
2 7 0 6 0 5 0 4 6 
2 6 0 5 0 4 0 3 6 
2 8 0 7 0 6 0 5 6 
3 7 1 6 0 5 0 4 6 
2 7 0 6 0 5 0 4 6 
3 6 0 5 0 4 0 3 6 
2 6 0 5 0 4 0 3 6 
2 7 0 6 0 5 0 4 6 
2 6 0 5 0 4 0 3 6 
3 6 0 5 0 4 0 3 6 
2 6 0 5 0 4 0 3 6 
3 6 1 5 0 4 0 3 6 
3 7 0 6 0 5 0 4 6 
3 6 0 5 0 4 0 3 6 
2 6 0 5 0 4 0 3 6 
3 6 0 5 0 4 0 3 6 
3 6 0 5 0 4 0 3 6 
2 6 0 5 0 4 0 3 6 
2 6 0 5 0 4 0 3 6 
3 6 0 5 0 4 0 3 6 
3 6 1 5 0 4 0 3 6 
2 7 0 6 0 5 0 4 6 
2 7 0 6 0 5 0 4 6 
3 6 0 5 0 4 0 3 6 
2 6 0 5 0 4 0 3 6 
2 6 0 5 0 4 0 3 6 
2 6 0 5 0 4 0 3 6 
2 7 0 6 0 5 0 4 6 
3 6 0 5 0 4 0 3 6 
2 8 0 7 0 6 0 5 6 
2 6 0 5 0 4 0 3 6 
3 7 0 6 0 5 0 4 6 
3 6 0 5 0 4 0 3 6 
3 7 0 6 0 5 0 4 6 
2 6 0 5 0 4 0 3 6 
3 6 0 5 0 4 0 3 6 
2 8 0 7 0 6 0 5 6 
2 7 0 6 0 5 0 4 6 
3 8 1 7 0 6 0 5 6 
2 7 0 6 0 5 0 4 6 
2 6 0 5 0 4 0 3 6 
3 7 1 6 0 5 0 4 6 
2 6 0 5 0 4 0 3 6 
2 8 0 7 0 6 0 5 6 
2 7 0 6 0 5 0 4 6 
2 7 0 6 0 5 0 4 6 
3 7 0 6 0 5 0 4 6 
3 7 0 6 0 5 0 4 6 
2 6 0 5 0 4 0 3 6 
3 7 1 6 0 5 0 4 6 
3 6 0 5 0 4 0 3 6 
3 7 0 6 0 5 0 4 6 
2 7 0 6 0 5 0 4 6 
3 7 0 6 0 5 0 4 6 
2 6 0 5 0 4 0 3 6 
2 6 0 5 0 4 0 3 6 
2 7 0 6 0 5 0 4 6 
2 6 0 5 0 4 0 3 6 
2 7 0 6 0 5 0 4 6 
2 8 0 7 0 6 0 5 6 
2 6 0 5 0 4 0 3 6 
2 7 0 6 0 5 0 4 6 
2 7 0 6 0 5 0 4 6 
2 6 0 5 0 4 0 3 6 
2 7 0 6 0 5 0 4 6 
3 6 0 5 0 4 0 3 6 
3 6 0 5 0 4 0 3 6 
2 7 0 6 0 5 0 4 6 
2 6 0 5 0 4 0 3 6 
2 7 0 6 0 5 0 4 6 
2 6 0 5 0 4 0 3 6 
2 6 0 5 0 4 0 3 6 
SCORES_TXT_END_0
SCORES_TXT_BEGIN_0 46 100 9 BLEU
1 5 0 4 0 3 0 2 10 
1 5 0 4 0 3 0 2 10 
1 5 0 4 0 3 0 2 10 
1 5 0 4 0 3 0 2 10 
1 5 0 4 0 3 0 2 10 
1 5 0 4 0 3 0 2 10 
1 5 0 4 0 3 0 2 10 
1 5 0 4 0 3 0 2 10 
1 5 0 4 0 3 0 2 10 
0 5 0 4 0 3 0 2 10 
1 5 0 4 0 3 0 2 10 
1 5 0 4 0 3 0 2 10 
0 5 0 4 0 3 0 2 10 
1 5 0 4 0 3 0 2 10 
1 6 0 5 0 4 0 3 10 
1 5 0 4 0 3 0 2 10 
1 5 0 4 0 3 0 2 10 
0 5 0 4 0 3 0 2 10 
1 5 0 4 0 3 0 2 10 
1 6 0 5 0 4 0 3 10 
1 5 0 4 0 3 0 2 10 
1 5 0 4 0 3 0 2 10 
1 6 0 5 0 4 0 3 10 
0 5 0 4 0 3 0 2 10 
1 5 0 4 0 3 0 2 10 
1 5 0 4 0 3 0 2 10 
1 5 0 4 0 3 0 2 10 
1 6 0 5 0 4 0 3 10 
0 5 0 4 0 3 0 2 10 
1 5 0 4 0 3 0 2 10 
1 5 0 4 0 3 0 2 10 
2 5 0 4 0 3 0 2 10 
1 6 0 5 0 4 0 3 10 
1 5 0 4 0 3 0 2 10 
1 6 0 5 0 4 0 3 10 
1 5 0 4 0 3 0 2 10 
1 5 0 4 0 3 0 2 10 
1 6 0 5 0 4 0 3 10 
1 6 0 5 0 4 0 3 10 
1 6 0 5 0 4 0 3 10 
0 5 0 4 0 3 0 2 10 
1 6 0 5 0 4 0 3 10 
1 5 0 4 0 3 0 2 10 
0 5 0 4 0 3 0 2 10 
1 5 0 4 0 3 0 2 10 
1 5 0 4 0 3 0 2 10 
1 6 0 5 0 4 0 3 10 
1 5 0 4 0 3 0 2 10 
0 5 0 4 0 3 0 2 10 
1 5 0 4 0 3 0 2 10 
1 5 0 4 0 3 0 2 10 
1 5 0 4 0 3 0 2 10 
1 5 0 4 0 3 0 2 10 
0 5 0 4 0 3 0 2 10 
2 5 0 4 0 3 0 2 10 
1 5 0 4 0 3 0 2 10 
0 5 0 4 0 3 0 2 10 
0 5 0 4 0 3 0 2 10 
1 5 0 4 0 3 0 2 10 
1 6 0 5 0 4 0 3 10 
1 6 0 5 0 4 0 3 10 
0 5 0 4 0 3 0 2 10 
1 5 0 4 0 3 0 2 10 
1 6 0 5 0 4 0 3 10 
1 5 0 4 0 3 0 2 10 
1 5 0 4 0 3 0 2 10 
0 5 0 4 0 3 0 2 10 
1 5 0 4 0 3 0 2 10 
0 5 0 4 0 3 0 2 10 
1 6 0 5 0 4 0 3 10 
0 5 0 4 0 3 0 2 10 
2 5 0 4 0 3 0 2 10 
0 5 0 4 0 3 0 2 10 
1 5 0 4 0 3 0 2 10 
1 6 0 5 0 4 0 3 10 
1 5 0 4 0 3 0 2 10 
0 5 0 4 0 3 0 2 10 
0 5 0 4 0 3 0 2 10 
1 5 0 4 0 3 0 2 10 
0 5 0 4 0 3 0 2 10 
1 6 0 5 0 4 0 3 10 
1 5 0 4 0 3 0 2 10 
1 5 0 4 0 3 0 2 10 
0 5 0 4 0 3 0 2 10 
1 5 0 4 0 3 0 2 10 
1 6 0 5 0 4 0 3 10 
1 5 0 4 0 3 0 2 10 
0 5 0 4 0 3 0 2 10 
1 5 0 4 0 3 0 2 10 
1 6 0 5 0 4 0 3 10 
0 5 0 4 0 3 0 2 10 
1 5 0 4 0 3 0 2 10 
0 5 0 4 0 3 0 2 10 
2 6 0 5 0 4 0 3 10 
0 5 0 4 0 3 0 2 10 
1 5 0 4 0 3 0 2 10 
0 6 0 5 0 4 0 3 10 
1 5 0 4 0 3 0 2 10 
0 5 0 4 0 3 0 2 10 
0 5 0 4 0 3 0 2 10 
SCORES_TXT_END_0
SCORES_TXT_BEGIN_0 47 100 9 BLEU
5 14 1 13 0 12 0 11 15 
5 14 1 13 0 12 0 11 15 
5 14 1 13 0 12 0 11 15 
5 14 1 13 0 12 0 11 15 
4 14 1 13 0 12 0 11 15 
4 14 1 13 0 12 0 11 15 
5 14 1 13 0 12 0 11 15 
5 14 1 13 0 12 0 11 15 
5 15 1 14 0 13 0 12 15 
5 15 1 14 0 13 0 12 15 
4 14 1 13 0 12 0 11 15 
4 14 1 13 0 12 0 11 15 
4 14 1 13 0 12 0 11 15 
4 13 0 12 0 11 0 10 15 
4 13 0 12 0 11 0 10 15 
3 13 0 12 0 11 0 10 15 
5 15 1 14 0 13 0 12 15 
4 14 1 13 0 12 0 11 15 
4 14 0 13 0 12 0 11 15 
4 14 0 13 0 12 0 11 15 
4 14 0 13 0 12 0 11 15 
4 14 0 13 0 12 0 11 15 
3 14 0 13 0 12 0 11 15 
3 14 0 13 0 12 0 11 15 
4 14 1 13 0 12 0 11 15 
4 14 1 13 0 12 0 11 15 
4 14 0 13 0 12 0 11 15 
4 14 1 13 0 12 0 11 15 
4 14 1 13 0 12 0 11 15 
3 14 1 13 0 12 0 11 15 
3 13 0 12 0 11 0 10 15 
3 14 1 13 0 12 0 11 15 
5 14 1 13 0 12 0 11 15 
5 14 1 13 0 12 0 11 15 
5 14 1 13 0 12 0 11 15 
5 14 1 13 0 12 0 11 15 
4 15 0 14 0 13 0 12 15 
4 15 0 14 0 13 0 12 15 
4 14 1 13 0 12 0 11 15 
4 14 1 13 0 12 0 11 15 
3 14 0 13 0 12 0 11 15 
3 14 0 13 0 12 0 11 15 
4 14 1 13 0 12 0 11 15 
4 14 1 13 0 12 0 11 15 
4 15 1 14 0 13 0 12 15 
4 15 1 14 0 13 0 12 15 
3 14 1 13 0 12 0 11 15 
3 14 1 13 0 12 0 11 15 
3 14 1 13 0 12 0 11 15 
5 14 1 13 0 12 0 11 15 
5 14 1 13 0 12 0 11 15 
5 15 1 14 0 13 0 12 15 
5 15 1 14 0 13 0 12 15 
4 13 1 12 0 11 0 10 15 
3 13 0 12 0 11 0 10 15 
4 14 1 13 0 12 0 11 15 
4 13 1 12 0 11 0 10 15 
4 14 1 13 0 12 0 11 15 
3 13 0 12 0 11 0 10 15 
3 13 0 12 0 11 0 10 15 
4 14 1 13 0 12 0 11 15 
4 14 1 13 0 12 0 11 15 
5 14 1 13 0 12 0 11 15 
2 13 0 12 0 11 0 10 15 
4 14 1 13 0 12 0 11 15 
4 14 1 13 0 12 0 11 15 
4 14 1 13 0 12 0 11 15 
4 15 1 14 0 13 0 12 15 
4 14 1 13 0 12 0 11 15 
4 14 1 13 0 12 0 11 15 
4 13 0 12 0 11 0 10 15 
5 14 1 13 0 12 0 11 15 
5 14 1 13 0 12 0 11 15 
3 14 1 13 0 12 0 11 15 
3 14 1 13 0 12 0 11 15 
3 14 0 13 0 12 0 11 15 
3 14 1 13 0 12 0 11 15 
4 13 0 12 0 11 0 10 15 
3 14 0 13 0 12 0 11 15 
3 14 0 13 0 12 0 11 15 
3 14 0 13 0 12 0 11 15 
4 14 1 13 0 12 0 11 15 
3 13 0 12 0 11 0 10 15 
4 14 1 13 0 12 0 11 15 
3 13 0 12 0 11 0 10 15 
5 14 1 13 0 12 0 11 15 
2 14 0 13 0 12 0 11 15 
5 14 1 13 0 12 0 11 15 
2 14 0 13 0 12 0 11 15 
5 15 1 14 0 13 0 12 15 
4 14 1 13 0 12 0 11 15 
4 14 1 13 0 12 0 11 15 
4 14 1 13 0 12 0 11 15 
4 14 0 13 0 12 0 11 15 
3 14 0 13 0 12 0 11 15 
4 14 0 13 0 12 0 11 15 
5 15 1 14 0 13 0 12 15 
4 14 0 13 0 12 0 11 15 
4 14 0 13 0 12 0 11 15 
4 14 1 13 0 12 0 11 15 
SCORES_TXT_END_0
SCORES_TXT_BEGIN_0 48 99 9 BLEU
2 8 0 7 0 6 0 5 9 
1 8 0 7 0 6 0 5 9 
2 8 0 7 0 6 0 5 9 
1 8 0 7 0 6 0 5 9 
3 8 0 7 0 6 0 5 9 
1 8 0 7 0 6 0 5 9 
2 8 0 7 0 6 0 5 9 
2 8 0 7 0 6 0 5 9 
2 8 0 7 0 6 0 5 9 
2 8 0 7 0 6 0 5 9 
1 8 0 7 0 6 0 5 9 
1 8 0 7 0 6 0 5 9 
1 9 0 8 0 7 0 6 9 
2 8 0 7 0 6 0 5 9 
1 8 0 7 0 6 0 5 9 
2 8 0 7 0 6 0 5 9 
2 8 0 7 0 6 0 5 9 
2 8 0 7 0 6 0 5 9 
2 8 0 7 0 6 0 5 9 
3 8 0 7 0 6 0 5 9 
2 8 0 7 0 6 0 5 9 
1 8 0 7 0 6 0 5 9 
1 8 0 7 0 6 0 5 9 
1 8 0 7 0 6 0 5 9 
2 8 0 7 0 6 0 5 9 
2 8 0 7 0 6 0 5 9 
2 8 0 7 0 6 0 5 9 
2 8 0 7 0 6 0 5 9 
1 8 0 7 0 6 0 5 9 
1 8 0 7 0 6 0 5 9 
2 8 0 7 0 6 0 5 9 
2 8 0 7 0 6 0 5 9 
2 8 0 7 0 6 0 5 9 
1 8 0 7 0 6 0 5 9 
2 8 0 7 0 6 0 5 9 
2 8 0 7 0 6 0 5 9 
2 8 0 7 0 6 0 5 9 
2 8 0 7 0 6 0 5 9 
2 9 0 8 0 7 0 6 9 
2 8 0 7 0 6 0 5 9 
1 8 0 7 0 6 0 5 9 
2 8 0 7 0 6 0 5 9 
1 8 0 7 0 6 0 5 9 
1 8 0 7 0 6 0 5 9 
1 8 0 7 0 6 0 5 9 
1 8 0 7 0 6 0 5 9 
1 8 0 7 0 6 0 5 9 
1 9 0 8 0 7 0 6 9 
2 8 0 7 0 6 0 5 9 
2 8 0 7 0 6 0 5 9 
1 8 0 7 0 6 0 5 9 
2 8 0 7 0 6 0 5 9 
1 8 0 7 0 6 0 5 9 
1 8 0 7 0 6 0 5 9 
2 8 0 7 0 6 0 5 9 
2 8 0 7 0 6 0 5 9 
2 8 0 7 0 6 0 5 9 
2 8 0 7 0 6 0 5 9 
2 8 0 7 0 6 0 5 9 
1 8 0 7 0 6 0 5 9 
1 8 0 7 0 6 0 5 9 
2 8 0 7 0 6 0 5 9 
1 8 0 7 0 6 0 5 9 
2 8 0 7 0 6 0 5 9 
2 8 0 7 0 6 0 5 9 
2 8 0 7 0 6 0 5 9 
1 8 0 7 0 6 0 5 9 
1 8 0 7 0 6 0 5 9 
3 8 0 7 0 6 0 5 9 
2 9 0 8 0 7 0 6 9 
2 8 0 7 0 6 0 5 9 
1 8 0 7 0 6 0 5 9 
2 8 0 7 0 6 0 5 9 
2 8 0 7 0 6 0 5 9 
2 8 0 7 0 6 0 5 9 
3 8 0 7 0 6 0 5 9 
2 8 0 7 0 6 0 5 9 
1 8 0 7 0 6 0 5 9 
2 8 0 7 0 6 0 5 9 
1 8 0 7 0 6 0 5 9 
3 8 1 7 0 6 0 5 9 
1 8 0 7 0 6 0 5 9 
2 8 0 7 0 6 0 5 9 
2 8 0 7 0 6 0 5 9 
1 8 0 7 0 6 0 5 9 
3 8 0 7 0 6 0 5 9 
1 8 0 7 0 6 0 5 9 
1 8 0 7 0 6 0 5 9 
1 8 0 7 0 6 0 5 9 
1 8 0 7 0 6 0 5 9 
1 8 0 7 0 6 0 5 9 
1 8 0 7 0 6 0 5 9 
1 8 0 7 0 6 0 5 9 
2 8 0 7 0 6 0 5 9 
2 8 0 7 0 6 0 5 9 
1 9 0 8 0 7 0 6 9 
2 9 0 8 0 7 0 6 9 
2 8 0 7 0 6 0 5 9 
2 8 0 7 0 6 0 5 9 
SCORES_TXT_END_0
SCORES_TXT_BEGIN_0 49 100 9 BLEU
2 5 0 4 0 3 0 2 4 
2 6 0 5 0 4 0 3 4 
0 5 0 4 0 3 0 2 4 
1 5 0 4 0 3 0 2 4 
1 5 0 4 0 3 0 2 4 
2 5 0 4 0 3 0 2 4 
1 5 0 4 0 3 0 2 4 
1 5 0 4 0 3 0 2 4 
2 5 0 4 0 3 0 2 4 
2 7 0 6 0 5 0 4 4 
2 5 0 4 0 3 0 2 4 
1 6 0 5 0 4 0 3 4 
0 6 0 5 0 4 0 3 4 
1 6 0 5 0 4 0 3 4 
1 5 0 4 0 3 0 2 4 
2 5 0 4 0 3 0 2 4 
1 6 0 5 0 4 0 3 4 
1 6 0 5 0 4 0 3 4 
2 6 0 5 0 4 0 3 4 
0 5 0 4 0 3 0 2 4 
2 6 0 5 0 4 0 3 4 
1 5 0 4 0 3 0 2 4 
0 5 0 4 0 3 0 2 4 
1 5 0 4 0 3 0 2 4 
2 6 0 5 0 4 0 3 4 
2 8 0 7 0 6 0 5 4 
2 6 0 5 0 4 0 3 4 
2 5 0 4 0 3 0 2 4 
1 5 0 4 0 3 0 2 4 
0 5 0 4 0 3 0 2 4 
1 6 0 5 0 4 0 3 4 
2 6 0 5 0 4 0 3 4 
2 5 0 4 0 3 0 2 4 
1 5 0 4 0 3 0 2 4 
1 6 0 5 0 4 0 3 4 
0 6 0 5 0 4 0 3 4 
1 5 0 4 0 3 0 2 4 
0 7 0 6 0 5 0 4 4 
1 7 0 6 0 5 0 4 4 
2 5 0 4 0 3 0 2 4 
1 7 0 6 0 5 0 4 4 
2 5 0 4 0 3 0 2 4 
2 5 0 4 0 3 0 2 4 
0 6 0 5 0 4 0 3 4 
1 6 0 5 0 4 0 3 4 
1 5 0 4 0 3 0 2 4 
2 7 0 6 0 5 0 4 4 
1 6 0 5 0 4 0 3 4 
2 6 0 5 0 4 0 3 4 
1 6 0 5 0 4 0 3 4 
1 7 0 6 0 5 0 4 4 
0 6 0 5 0 4 0 3 4 
1 7 0 6 0 5 0 4 4 
2 6 0 5 0 4 0 3 4 
2 6 0 5 0 4 0 3 4 
0 5 0 4 0 3 0 2 4 
2 5 0 4 0 3 0 2 4 
1 6 0 5 0 4 0 3 4 
2 7 0 6 0 5 0 4 4 
2 7 0 6 0 5 0 4 4 
0 6 0 5 0 4 0 3 4 
1 5 0 4 0 3 0 2 4 
0 8 0 7 0 6 0 5 4 
1 6 0 5 0 4 0 3 4 
1 5 0 4 0 3 0 2 4 
2 7 0 6 0 5 0 4 4 
1 8 0 7 0 6 0 5 4 
1 7 0 6 0 5 0 4 4 
1 8 0 7 0 6 0 5 4 
1 8 0 7 0 6 0 5 4 
1 6 0 5 0 4 0 3 4 
2 6 0 5 0 4 0 3 4 
1 8 0 7 0 6 0 5 4 
2 6 0 5 0 4 0 3 4 
0 5 0 4 0 3 0 2 4 
1 5 0 4 0 3 0 2 4 
2 6 0 5 0 4 0 3 4 
1 6 0 5 0 4 0 3 4 
0 7 0 6 0 5 0 4 4 
1 5 0 4 0 3 0 2 4 
0 5 0 4 0 3 0 2 4 
1 6 0 5 0 4 0 3 4 
1 5 0 4 0 3 0 2 4 
1 6 0 5 0 4 0 3 4 
0 5 0 4 0 3 0 2 4 
2 6 0 5 0 4 0 3 4 
1 5 0 4 0 3 0 2 4 
2 7 0 6 0 5 0 4 4 
0 5 0 4 0 3 0 2 4 
0 6 0 5 0 4 0 3 4 
0 5 0 4 0 3 0 2 4 
2 5 0 4 0 3 0 2 4 
0 5 0 4 0 3 0 2 4 
2 6 0 5 0 4 0 3 4 
1 7 0 6 0 5 0 4 4 
2 6 0 5 0 4 0 3 4 
2 8 0 7 0 6 0 5 4 
2 8 0 7 0 6 0 5 4 
1 5 0 4 0 3 0 2 4 
2 5 0 4 0 3 0 2 4 
SCORES_TXT_END_0
